50,元大台灣50,16343906,1907311237,116.65,116.95,116.35,116.7,0,11202
51,元大中型100,146795,7680735,52,52.4,52,52.4,0.4,186
52,富邦科技,240148,24006191,100,100.25,99.8,99.85,-0.15,417
53,元大電子,6065,337166,55.7,55.75,55.7,55.75,0.05,953
55,元大MSCI金融,162356,3516194,21.66,21.7,21.6,21.68,0.06,278
56,元大高股息,20108679,514107140,25.57,25.65,25.5,25.52,-0.02,13035
57,富邦摩台,2881,238055,82.9,82.95,82.9,82.95,0.05,882
61,元大寶滬深,58206,1018956,17.73,17.73,17.45,17.57,-0.01,1019
6203,元大MSCI台灣,4129,231491,56.2,56.45,56.05,56.45,0.25,657
6204,永豐臺灣加權,25208,1865388,73.9,74.15,73.9,74.05,0.15,923
6205,富邦上証,290210,8589368,29.72,29.85,29.48,29.67,-0.05,139
6206,元大上證50,33488,939174,28.15,28.15,27.9,28.12,0,30
6207,FH滬深,167132,3857616,23.12,23.13,23,23.09,-0.07,16
6208,富邦台50,3068386,202127387,65.9,66.05,65.7,65.8,-0.1,4323
00625K,富邦上証+R,,,,,,,0,
00631L,元大台灣50正2,8722157,883069879,101.05,101.9,100.75,100.8,-0.75,1998
00632R,元大台灣50反1,155247265,886474239,5.7,5.73,5.69,5.73,0.04,5550
00633L,富邦上証正2,6002209,208475282,34.67,35.1,34.2,34.97,0.53,1535
00634R,富邦上証反1,445103,2146361,4.87,4.87,4.8,4.82,-0.04,31
00635U,期元大S&P黃金,164169,3746512,22.77,22.86,22.76,22.82,0,76
636,國泰中國A50,473634,9225366,19.62,19.62,19.38,19.53,-0.03,769
00636K,國泰中國A50+U,200,1266,6.33,6.33,6.33,6.33,0,2
00637L,元大滬深300正2,50936824,696128014,13.61,13.8,13.45,13.76,0.21,6093
00638R,元大滬深300反1,104000,1065690,10.32,10.33,10.18,10.19,-0.13,40
639,富邦深100,217776,2555894,11.82,11.82,11.7,11.73,-0.07,155
00640L,富邦日本正2,76400,2332700,30.62,30.62,30.4,30.51,-0.11,26
00641R,富邦日本反1,361000,3375350,9.34,9.36,9.34,9.34,0.01,24
00642U,期元大S&P石油,3403463,57393719,16.85,16.91,16.82,16.9,0.13,796
643,群益深証中小,451392,6454073,14.58,14.58,14.25,14.28,-0.16,987
00643K,群益深証中小+R,,,,,,,0,
645,富邦日本,36297,974498,26.97,26.97,26.8,26.85,-0.12,1078
646,元大S&P500,373531,14383060,38.66,38.66,38.41,38.43,-0.17,421
00647L,元大S&P500正2,138170,7679853,55.65,55.65,55.5,55.5,-0.15,39
00648R,元大S&P500反1,746000,5402180,7.25,7.25,7.23,7.23,-0.02,96
00650L,FH香港正2,7929209,87484658,11.24,11.27,10.92,11.01,-0.16,1279
00651R,FH香港反1,236000,2288540,9.61,9.74,9.61,9.67,0.02,52
652,富邦印度,351130,10889648,31.03,31.05,30.96,31.03,-0.02,502
00653L,富邦印度正2,288100,13904770,48.22,48.4,48.15,48.19,0.26,86
00654R,富邦印度反1,544000,4180680,7.73,7.73,7.67,7.68,-0.08,109
00655L,國泰中國A50正2,2422210,59452313,24.43,24.86,24.17,24.8,0.43,511
00656R,國泰中國A50反1,1417000,12957060,9.17,9.19,9.07,9.08,-0.11,55
657,國泰日經225,5115,169373,33.29,33.29,33.23,33.23,0.06,992
00657K,國泰日經225+U,200,2154,10.77,10.77,10.77,10.77,0,2
660,元大歐洲50,5042,144992,28.94,28.97,28.94,28.94,-0.03,1039
661,元大日經225,3000,107460,35.82,35.82,35.82,35.82,-0.08,3
662,富邦NASDAQ,585957,27670899,47.31,47.42,47.08,47.08,-0.23,326
00663L,國泰臺灣加權正2,1879000,174689900,93.05,93.35,92.4,92.55,-0.5,72
00664R,國泰臺灣加權反1,4724595,30547631,6.47,6.48,6.45,6.48,0.02,440
00665L,富邦恒生國企正2,16955636,118162187,7.14,7.18,6.9,6.95,-0.12,1553
00666R,富邦恒生國企反1,254000,4302050,16.81,16.98,16.81,16.88,0.02,25
668,國泰美國道瓊,14051,538908,38.54,38.54,38.32,38.33,-0.17,662
00668K,國泰美國道瓊+U,200,2484,12.42,12.42,12.42,12.42,0,2
00669R,國泰美國道瓊反1,8833765,68978313,7.81,7.82,7.8,7.81,0.01,610
00670L,富邦NASDAQ正2,1731615,100945455,58.3,58.4,58.2,58.25,0.1,575
00671R,富邦NASDAQ反1,3830100,23519334,6.14,6.15,6.13,6.15,0,249
00673R,期元大S&P原油反1,11366481,100995755,8.89,8.92,8.85,8.87,-0.09,1168
00674R,期元大S&P黃金反1,1118250,14975869,13.43,13.43,13.37,13.4,-0.02,118
00675L,富邦臺灣加權正2,878727,35582828,40.51,40.71,40.27,40.27,-0.33,322
00676R,富邦臺灣加權反1,25288007,89603670,3.55,3.56,3.54,3.56,0.02,473
678,群益NBI生技,337547,8974885,26.7,26.7,26.55,26.55,-0.19,727
00680L,元大美債20正2,5558092,67398277,11.99,12.35,11.99,12.06,0.07,1117
00681R,元大美債20反1,465000,8521190,18.39,18.39,18.29,18.29,-0.15,61
00682U,期元大美元指數,94104,1979519,21.01,21.06,21,21.03,0.04,47
00683L,期元大美元指正2,571020,12878390,22.56,22.6,22.49,22.56,0.07,192
00684R,期元大美元指反1,15010,237795,15.83,15.86,15.8,15.85,0.01,8
00685L,群益臺灣加權正2,101036,3630787,35.96,36.1,35.72,35.83,-0.22,60
00686R,群益臺灣加權反1,160000,615670,3.85,3.86,3.84,3.85,0,37
00688L,國泰20年美債正2,1946490,23129986,11.86,12.28,11.85,11.85,0.02,368
00689R,國泰20年美債反1,843000,16050840,19.12,19.12,19.03,19.03,-0.18,19
690,兆豐藍籌30,4965146,143680885,28.94,29.03,28.86,28.91,0.12,2278
692,富邦公司治理,2003498,56507646,28.21,28.27,28.15,28.17,-0.04,1247
00693U,期街口S&P黃豆,26650,686909,25.75,25.8,25.75,25.77,0.01,20
700,富邦恒生國企,201420,2322775,11.65,11.65,11.46,11.49,-0.12,1071
701,國泰股利精選30,714514,15833312,22.17,22.2,22.12,22.2,0.04,599
702,國泰標普低波高息,102197,2272139,22.29,22.29,22.23,22.23,-0.11,12
703,台新MSCI中國,47448,673490,14.24,14.24,14.15,14.2,-0.17,811
00706L,期元大S&P日圓正2,1114260,10581540,9.46,9.53,9.45,9.52,0.06,276
00707R,期元大S&P日圓反1,1000,24810,24.81,24.81,24.81,24.81,-0.01,1
00708L,期元大S&P黃金正2,533404,12499457,23.34,23.53,23.32,23.46,0.09,85
709,富邦歐洲,424389,9705485,22.76,23,22.76,22.98,0.15,1093
00710B,FH彭博非投等債,76002,1381171,18.26,18.26,18.15,18.15,-0.06,64
00711B,FH彭博新興債,250300,3977306,15.9,15.96,15.88,15.89,-0.01,970
712,FH富時不動產,2498668,26592125,10.7,10.7,10.6,10.62,-0.08,1613
713,元大台灣高息低波,2206211,85481161,38.86,38.89,38.66,38.73,-0.13,1313
714,群益道瓊美國地產,956630,18420713,19.3,19.3,19.2,19.28,-0.02,201
00715L,期街口布蘭特正2,13558523,219060300,16.15,16.23,16.07,16.21,0.19,2188
717,富邦美國特別股,283983,4227219,14.9,14.92,14.86,14.86,-0.02,238
728,第一金工業30,302692,7017683,23.21,23.24,23.14,23.16,-0.05,344
730,富邦臺灣優質高息,178740,2933762,16.45,16.47,16.37,16.37,-0.05,175
731,FH富時高息低波,1118918,59867951,53.55,53.65,53.4,53.5,0,247
732,國泰RMB短期報酬,100000,3971000,39.71,39.71,39.71,39.71,-0.36,4
733,富邦臺灣中小,167051,5861599,35.26,35.4,34.87,34.87,-0.4,233
735,國泰臺韓科技,117167,2991890,25.54,25.54,25.54,25.54,-0.08,1002
736,國泰新興市場,102178,1943492,19.03,19.03,19.03,19.03,-0.08,949
737,國泰AI+Robo,163050,4204223,25.81,25.81,25.76,25.78,-0.02,1048
00738U,期元大道瓊白銀,2367000,51342300,21.58,21.72,21.57,21.61,-0.15,164
739,元大MSCI A股,17017,370749,21.82,22,21.78,22,0,834
752,中信中國50,2234195,35734038,16.35,16.36,15.89,15.93,-0.23,745
00753L,中信中國50正2,13410180,119937101,9.16,9.2,8.87,8.88,-0.17,2082
757,統一FANG+,240327,8462384,35.34,35.42,35.07,35.11,-0.23,400
762,元大全球AI,60377,1929738,32.02,32.04,31.89,31.89,-0.1,84
00763U,期街口道瓊銅,46000,1078890,23.51,23.51,23.45,23.46,-0.05,4
770,國泰北美科技,105213,3070030,29.24,29.24,29.18,29.2,-0.04,893
771,元大US高息特別股,51071,842489,16.5,16.53,16.48,16.5,0,864
00774B,新光中國政金綠債,1998,78794,39.87,39.87,39.87,39.87,-0.23,997
00774C,新光中政金綠債+R,,,,,,,0,
00775B,新光投等債15+,1714,57126,34,34,34,34,0.08,705
783,富邦中証500,71952,1450891,20.19,20.19,20.16,20.16,-0.22,955
830,國泰費城半導體,2336987,58819312,25.2,25.25,25.13,25.15,-0.02,872
850,元大臺灣ESG永續,1835139,53875050,29.42,29.42,29.28,29.36,0,560
851,台新全球AI,25912,613717,23.68,23.72,23.68,23.71,-0.09,917
00852L,國泰美國道瓊正2,833000,17231990,20.71,20.71,20.66,20.67,-0.04,44
861,元大全球未來通訊,84250,2315988,27.57,27.57,27.46,27.47,-0.01,106
00865B,國泰US短期公債,110504,4441806,40.25,40.25,40.17,40.22,-0.22,511
875,國泰網路資安,228501,5980065,26.24,26.24,26.11,26.11,-0.06,89
876,元大全球5G,239434,6237275,26.09,26.2,26,26,-0.1,160
878,國泰永續高股息,34584918,567242090,16.37,16.43,16.37,16.4,0.05,13200
881,國泰台灣5G+,6925968,100428108,14.54,14.55,14.46,14.49,-0.04,2251
882,中信中國高股息,3802214,42756789,11.25,11.31,11.2,11.28,0.07,1228
885,富邦越南,28584579,303879129,10.59,10.72,10.55,10.64,0.13,5152
891,中信關鍵半導體,7081975,84580510,12,12.02,11.89,11.9,-0.1,2530
892,富邦台灣半導體,4040382,43218199,10.77,10.77,10.64,10.64,-0.12,1103
893,國泰智能電動車,5354575,65173513,12.21,12.24,12.15,12.15,-0.04,1627
894,中信小資高價30,1077873,13173235,12.27,12.29,12.15,12.16,-0.11,317
895,富邦未來車,2682373,36123406,13.49,13.51,13.44,13.44,0,487
896,中信綠能及電動車,977397,13101120,13.39,13.43,13.37,13.37,-0.02,411
897,富邦基因免疫生技,1604168,14451034,9.01,9.05,8.99,9,-0.01,244
898,國泰基因免疫革命,518808,4027133,7.78,7.8,7.74,7.75,-0.03,219
899,FT潔淨能源,75279,1808356,24.09,24.1,23.94,23.94,0.01,97
900,富邦特選高股息30,14224693,153649792,10.83,10.86,10.76,10.78,-0.03,3865
901,永豐智能車供應鏈,350432,4277257,12.24,12.24,12.17,12.19,-0.04,221
902,中信電池及儲能,6512505,87463275,13.57,13.59,13.36,13.38,-0.19,1522
903,富邦元宇宙,3703555,32423506,8.73,8.78,8.73,8.75,0.03,547
904,新光臺灣半導體30,1194980,13507303,11.39,11.39,11.26,11.27,-0.08,314
905,FT臺灣Smart,478361,4206634,8.82,8.82,8.78,8.78,-0.01,238
906,大華元宇宙科技50,2719,25157,9.23,9.23,9.23,9.23,0,6
907,永豐優息存股,705900,10161008,14.4,14.42,14.36,14.41,0.03,303
908,富邦入息REITs+,740262,10119756,13.7,13.7,13.64,13.66,-0.03,129
909,國泰數位支付服務,561067,8741799,15.68,15.68,15.55,15.57,-0.05,172
910,第一金太空衛星,266240,4043836,15.2,15.21,15.15,15.15,-0.04,118
911,兆豐洲際半導體,158100,2504954,15.89,15.89,15.82,15.84,0.02,62
912,中信臺灣智慧50,543169,7748172,14.28,14.31,14.22,14.22,-0.07,227
913,兆豐台灣晶圓製造,211829,3260766,15.41,15.45,15.39,15.39,-0.02,22
915,凱基優選高股息30,1126026,17113959,15.2,15.25,15.13,15.13,-0.1,536
916,國泰全球品牌50,2174024,32896559,15.21,15.21,15.08,15.09,-0.08,291
917,中信特選金融,634797,9865429,15.58,15.59,15.51,15.51,-0.07,165
918,大華優利高填息30,3388568,51450043,15.2,15.26,15.11,15.11,-0.07,1278
919,群益台灣精選高息,3836249,64258270,16.81,16.87,16.66,16.66,-0.13,1173
920,富邦ESG綠色電力,667867,11633382,17.44,17.46,17.41,17.41,0.02,95
01001T,土銀富邦R1,1000,16510,16.51,16.51,16.51,16.51,-0.08,1
01002T,土銀國泰R1,141000,2535390,17.92,18,17.92,17.98,-0.01,47
01003T,兆豐新光R1,8000,165800,20.72,20.87,20.7,20.87,0,5
01004T,土銀富邦R2,1014,15919,15.7,15.7,15.7,15.7,0,2
01007T,兆豐國泰R2,6000,109500,18.25,18.25,18.25,18.25,0,6
01009T,王道圓滿R1,81000,681340,8.5,8.5,8.4,8.4,-0.05,11
01010T,京城樂富R1,28000,274470,9.92,9.92,9.78,9.85,0.03,9
20000,富邦特選蘋果N,,,,,,,0,
20002,元富新中國N,1000,11460,11.46,11.46,11.46,11.46,0,1
20007,凱基臺灣500N,,,,,,,0,
20011,統一微波高息20N,,,,,,,0,
20012,富邦行動通訊N,,,,,,,0,
20015,統一MSCI美低波N,,,,,,,0,
20016,統一MSCI美科技N,,,,,,,0,
20018,統一價值成長30N,1000,14500,14.5,14.5,14.5,14.5,0.11,1
20019,統一特選台灣5GN,1000,12190,12.19,12.19,12.19,12.19,0,1
02001L,富邦蘋果正二N,,,,,,,0,
02001R,富邦蘋果反一N,1000,2990,2.99,2.99,2.99,2.99,0.01,1
20020,元大台股領航N,70000,460170,6.57,6.58,6.56,6.58,0.01,21
20022,元大電動車N,215000,1124610,5.22,5.25,5.22,5.22,0,52
20028,元大特選電動車N,145000,731850,5.03,5.06,5.03,5.03,-0.01,28
20029,元大ESG高股息N,92000,414480,4.53,4.53,4.49,4.5,-0.02,23
20030,統一智慧電動車N,149000,595550,4.01,4.01,3.98,3.99,-0.02,20
20031,統一IC設計臺灣N,157000,553420,3.57,3.57,3.51,3.51,-0.07,18
20032,元大綠能N,74000,352690,4.77,4.78,4.75,4.76,0.02,21
20034,元大IC設計N,261000,1125260,4.34,4.35,4.28,4.28,-0.11,31
1101,台泥,28320443,945463562,33.1,33.55,33.1,33.55,0.35,10445
1101B,台泥乙特,33009,1579081,47.75,48,47.7,48,0.1,14
1102,亞泥,4340138,177873413,41.05,41.35,40.75,40.95,-0.15,2580
1103,嘉泥,106827,1857026,17.4,17.4,17.35,17.35,-0.1,97
1104,環泥,341461,7384634,21.6,21.7,21.55,21.55,0,163
1108,幸福,321394,3455850,10.65,10.85,10.6,10.7,0.15,152
1109,信大,280104,4401049,15.6,15.85,15.6,15.85,0.3,129
1110,東泥,109008,1941591,17.8,17.9,17.75,17.8,-0.05,56
1201,味全,196288,3777583,19.3,19.35,19.15,19.15,-0.1,191
1203,味王,841,28327,,,,,0,24
1210,大成,1331622,58827230,43.7,44.45,43.7,44.05,0.5,972
1213,大飲,11000,77690,7.05,7.13,7.03,7.04,-0.01,5
1215,卜蜂,293876,22997758,78.2,78.5,78,78.3,-0.1,438
1216,統一,17978738,1165343887,64.5,65.7,64.2,65.7,0.4,7421
1217,愛之味,1080285,11047833,10.3,10.35,10.15,10.2,-0.1,516
1218,泰山,4272187,179960886,40.8,42.85,40.8,42.6,1.8,2327
1219,福壽,515394,9802581,19,19.15,18.95,19,0,257
1220,台榮,96772,1431589,14.8,14.85,14.75,14.75,0.05,70
1225,福懋油,20203,1150975,57.5,57.5,56.3,57,-0.5,27
1227,佳格,332444,13509571,40.5,40.85,40.5,40.55,0.1,459
1229,聯華,827068,41431017,50.5,50.6,49.4,50,-0.2,971
1231,聯華食,241295,17291852,72.3,72.6,71,71.3,-1,997
1232,大統益,53598,7831308,147,147,145.5,145.5,-2,231
1233,天仁,1000,32450,32.45,32.45,32.45,32.45,0,1
1234,黑松,255642,8412276,33,33.1,32.85,32.9,-0.1,179
1235,興泰,23219,1640737,70.2,71.5,70,70,-0.5,43
1236,宏亞,80423,1694965,21.4,21.4,20.9,20.9,-0.35,85
1256,鮮活果汁-KY,5451,1244015,229,229,227,227,-2.5,68
1301,台塑,6644731,596985852,89.8,90.1,89.2,89.9,0.2,4212
1303,南亞,11101186,862141700,77.4,78.3,77.1,77.1,0,5703
1304,台聚,1893402,39115268,20.55,20.95,20.5,20.5,-0.05,921
1305,華夏,1452369,30730056,21.05,21.35,21,21.05,0.1,762
1307,三芳,49012,1028371,21.1,21.2,20.9,20.95,-0.15,37
1308,亞聚,1514981,40429429,26.7,27.1,26.3,26.35,-0.35,855
1309,台達化,1086124,21748423,19.75,20.2,19.7,19.95,0.2,680
1310,台苯,344915,4640589,13.45,13.5,13.35,13.4,-0.05,269
1312,國喬,6503955,118723699,17.85,18.45,17.8,18.3,0.45,3225
1312A,國喬特,,,,,,,0,
1313,聯成,1916802,25139981,12.95,13.25,12.95,13.1,0.15,707
1314,中石化,6962595,69152133,9.9,9.96,9.89,9.91,0.02,2957
1315,達新,13938,977825,70.6,70.6,70.1,70.1,0.4,25
1316,上曜,729636,9086754,12.35,12.6,12.35,12.4,0.05,352
1319,東陽,2553382,115834689,45.5,45.95,45,45.05,-0.5,1859
1321,大洋,187011,6305318,33.4,34.05,33.4,33.5,0.35,140
1323,永裕,81040,2648252,32.65,32.8,32.65,32.7,0.05,38
1324,地球,1352,14192,10.5,10.5,10.5,10.5,0.05,12
1325,恆大,127449,2879757,22.7,22.75,22.5,22.5,-0.05,99
1326,台化,5012575,369429820,73.3,74,73,74,0.2,1932
1337,再生-KY,402426,2827030,7,7.11,6.95,6.95,-0.05,235
1338,廣華-KY,125384,5671493,45.4,45.65,45.1,45.1,-0.35,126
1339,昭輝,60712,2503212,41.2,41.5,41.1,41.35,-0.15,125
1340,勝悅-KY,82166,821857,10.05,10.1,9.95,9.98,-0.07,119
1341,富林-KY,21330,1472831,69.9,69.9,68.5,69.5,0.6,25
1342,八貫,766396,67316750,87.9,89.4,87,87.1,-0.6,675
1402,遠東新,9121499,287189820,31.5,31.65,31.25,31.55,-0.25,3678
1409,新纖,5687817,100498211,17.65,17.85,17.5,17.55,0.05,1869
1410,南染,435601,18433863,42.9,43,41.95,41.95,-0.95,349
1413,宏洲,26000,252140,9.74,9.77,9.68,9.76,0.02,17
1414,東和,169685,2976632,17.65,17.65,17.4,17.6,0,125
1416,廣豐,122633,1268235,10.35,10.4,10.3,10.3,-0.05,149
1417,嘉裕,4837583,62525504,12,13.2,12,13.2,1.2,1711
1418,東華,16218,226400,13.9,14,13.9,14,-0.05,17
1419,新紡,64056,2493675,38.9,39.05,38.8,38.85,-0.05,36
1423,利華,30105,601900,20.15,20.15,19.9,20,-0.15,36
1432,大魯閣,344083,4229636,12.35,12.4,12.2,12.2,-0.2,242
1434,福懋,747774,19741453,26.45,26.5,26.3,26.35,-0.05,574
1436,華友聯,41048,2319696,56.5,56.6,56.5,56.6,-0.1,34
1437,勤益控,102283,2567625,25.2,25.2,25,25.05,-0.05,85
1438,三地開發,2000,58150,29.05,29.1,29.05,29.1,-0.1,2
1439,雋揚,61000,1340700,21.5,23.05,21.25,21.75,0.25,51
1440,南紡,1267401,21810299,17.1,17.3,17.1,17.2,0.1,565
1441,大東,27131,217105,7.99,8.01,7.99,8,0.01,80
1442,名軒,1027513,35468163,33.85,34.7,33.85,34.6,0.8,477
1443,立益物流,63020,1353879,21.5,21.65,21.25,21.5,-0.15,48
1444,力麗,1630907,17085924,10.5,10.6,10.4,10.4,-0.15,527
1445,大宇,46551,748446,16.05,16.1,16.05,16.1,-0.05,24
1446,宏和,74312,2312812,31.2,31.3,31,31.05,-0.15,37
1447,力鵬,653974,5185192,7.94,7.97,7.9,7.92,-0.04,288
1449,佳和,587631,7162685,12.25,12.4,11.9,11.9,-0.35,360
1451,年興,348447,7472030,21.45,21.7,21.3,21.4,-0.05,251
1452,宏益,63881,1118850,17.5,17.55,17.45,17.55,0.05,61
1453,大將,6108493,113370651,19,19.4,17.9,18.1,0.25,3568
1454,台富,287227,3767949,13.4,13.45,12.95,13.2,-0.1,62
1455,集盛,613172,6381144,10.35,10.45,10.35,10.35,0,235
1456,怡華,68021,1098993,16.45,16.45,16,16.2,-0.2,45
1457,宜進,207228,3848790,18.65,18.65,18.5,18.55,-0.05,109
1459,聯發,40586,333240,8.23,8.23,8.15,8.2,-0.03,53
1460,宏遠,887901,6267645,7.1,7.11,7.02,7.06,-0.01,441
1463,強盛,35312,499683,14.15,14.2,14.1,14.2,0.05,36
1464,得力,239106,3404084,14.3,14.35,14.2,14.2,-0.15,289
1465,偉全,103373,1443508,13.75,14.05,13.75,14,0.05,64
1466,聚隆,72005,815706,11.35,11.4,11.3,11.3,0,36
1467,南緯,1755442,20289265,11.8,11.8,11.5,11.5,-0.25,403
1468,昶和,45070,581033,12.75,13.05,12.75,13.05,0.05,39
1470,大統新創,161109,3286620,20.4,20.4,20.4,20.4,1.85,84
1471,首利,637142,4993060,7.85,7.94,7.78,7.78,-0.02,257
1472,三洋實業,15687,333224,21.05,21.05,20.5,20.5,-1.2,16
1473,台南,85105,1663268,19.65,19.65,19.5,19.6,0,56
1474,弘裕,59504,672093,11.3,11.35,11.2,11.3,-0.05,46
1475,業旺,394047,25844642,64.3,67,64.1,64.1,0.5,315
1476,儒鴻,259234,114290973,445,446,438,441,-4,342
1477,聚陽,1370088,300432063,224,224.5,217,218,-6,9543
1503,士電,880330,52118827,58,59.8,57.9,58.8,1.3,390
1504,東元,1952981,54657477,28,28.15,27.8,27.85,-0.05,998
1506,正道,413183,6988176,17.05,17.05,16.8,16.85,-0.2,218
1512,瑞利,145011,470133,3.34,3.34,3.2,3.21,-0.04,71
1513,中興電,42519517,2458211864,56.6,59.2,56.3,57.2,1.4,23269
1514,亞力,8216322,239658283,28.9,29.8,28.8,29,0.7,4667
1515,力山,359144,10576652,29.35,29.9,29.05,29.2,-0.15,283
1516,川飛,612177,13183211,21,21.85,21,21.6,0.6,215
1517,利奇,798326,18221173,23,23.05,22.55,22.55,-0.4,467
1519,華城,3316386,137332943,41,42.25,40.7,40.7,0,1987
1521,大億,17007,604052,35.3,35.65,35.3,35.35,0.05,15
1522,堤維西,1320990,35364320,27,27.15,26.6,26.6,-0.35,800
1522A,堤維西甲特,,,,,,,0,
1524,耿鼎,5017449,119816234,24.2,24.25,23.6,23.65,-0.55,2604
1525,江申,55120,3159075,57.5,57.7,56.7,57.4,0.6,51
1526,日馳,441423,19605980,44.65,44.9,44.1,44.25,-0.4,316
1527,鑽全,107050,4429893,41.5,41.5,41.25,41.25,-0.15,110
1528,恩德,227813,2182582,9.53,9.6,9.53,9.58,0.05,131
1529,樂事綠能,3105197,55762820,18.3,18.5,17.55,17.6,-0.85,1777
1530,亞崴,104276,3263956,31.1,31.6,31.1,31.1,0.2,103
1531,高林股,37171,509339,13.7,13.7,13.7,13.7,0,39
1532,勤美,267606,7751109,29,29.15,28.85,28.9,-0.1,110
1533,車王電,159884,8132127,51.2,51.3,50.6,50.6,-0.3,140
1535,中宇,72003,3033276,41.9,42.25,41.9,42.1,0.05,40
1536,和大,1335577,97599969,72.9,73.6,72.5,72.6,-0.2,966
1537,廣隆,58298,8005858,137.5,137.5,137,137,-0.5,77
1538,正峰,6002,36292,6.2,6.2,5.97,5.97,-0.24,8
1539,巨庭,1768539,55510766,31.5,32,30.85,30.85,-0.65,1053
1540,喬福,134955,2167889,16.05,16.15,16,16,-0.1,99
1541,錩泰,63317,2182445,34.4,34.8,34.2,34.6,0.7,55
1558,伸興,114052,12769364,112,112,111.5,112,0,195
1560,中砂,3652163,405160238,110.5,113,109,109,-2,2782
1568,倉佑,402467,9522748,23.5,23.9,23.4,23.4,-0.1,293
1582,信錦,86029,5077652,59.2,59.2,58.9,59.2,0,122
1583,程泰,1346,83313,62,62,62,62,0,3
1587,吉茂,71150,1567315,21.8,22.3,21.8,22.3,0.5,47
1589,永冠-KY,201111,10596377,52.3,53.3,52.3,52.5,0.2,164
1590,亞德客-KY,565718,514087461,904,917,887,916,12,661
1597,直得,68861,5260438,76.9,76.9,76.1,76.3,-0.6,119
1598,岱宇,111364,4298823,39.2,39.2,38.2,38.5,-0.7,100
1603,華電,311205,8366467,26.7,27.35,26.65,26.65,0.15,147
1604,聲寶,128703,3260025,25.4,25.4,25.25,25.4,-0.1,140
1605,華新,142152412,6403426044,43.95,45.9,43.65,45.25,1.35,59602
1608,華榮,4189581,62236330,14.65,15.05,14.65,14.75,0.25,1629
1609,大亞,2385431,45134452,18.95,19.15,18.65,18.65,-0.15,1271
1611,中電,834818,11931379,14.25,14.45,14.15,14.15,-0.1,389
1612,宏泰,752612,12180210,16.15,16.3,16,16,-0.15,321
1614,三洋電,104285,3758828,36.2,36.2,35.85,36.05,0,20
1615,大山,14683,417121,28.5,28.6,28.3,28.3,-0.05,21
1616,億泰,101175,753525,7.49,7.53,7.42,7.42,-0.06,1225
1617,榮星,852,12746,,,,,0,11
1618,合機,1952400,27911949,13.9,14.6,13.9,14.1,0.2,929
1626,艾美特-KY,52927,864416,16.4,16.4,16.3,16.3,-0.15,101
1701,中化,268184,5611344,20.9,21.1,20.8,20.85,-0.1,191
1702,南僑,133569,5908703,44.5,44.75,44.05,44.05,-0.45,357
1707,葡萄王,194568,25999121,132,134.5,132,133.5,1.5,256
1708,東鹼,4653241,196296641,42,42.65,41.8,42,-0.25,2420
1709,和益,960876,21883212,22.7,22.95,22.6,22.6,0,380
1710,東聯,1306496,23911420,18.25,18.45,18.1,18.1,-0.15,534
1711,永光,378260,6825351,18.05,18.25,17.9,17.9,-0.15,273
1712,興農,1402114,53420525,37.85,38.7,37.8,37.9,0.15,998
1713,國化,119136,2872048,24.3,24.4,24,24.3,-0.05,50
1714,和桐,1475112,12532659,8.44,8.56,8.43,8.46,0.04,540
1717,長興,1703432,55752119,32.6,32.95,32.45,32.55,-0.1,1005
1718,中纖,2275893,18650617,8.13,8.25,8.13,8.17,0.05,823
1720,生達,292686,13668274,47,47.05,46.55,46.8,-0.2,243
1721,三晃,413946,5849066,14.05,14.25,14,14.05,0,254
1722,台肥,1238415,69456521,55.8,56.4,55.7,55.8,-0.2,834
1723,中碳,208182,22551375,108.5,109,108,108.5,0,201
1725,元禎,22030,431288,19.6,19.7,19.5,19.7,0.1,16
1726,永記,7191,505621,70.4,70.4,70.2,70.3,-0.2,15
1727,中華化,246669,6291829,25.35,25.75,25.15,25.15,-0.05,194
1730,花仙子,19651,1092908,55,56.4,55,55.5,0.5,37
1731,美吾華,272412,4956551,18.1,18.35,17.95,18.2,0.15,159
1732,毛寶,1078094,32118928,30.8,31.15,28.95,28.95,-1.05,804
1733,五鼎,389208,9509008,24.25,24.9,24.15,24.3,0.05,194
1734,杏輝,567821,16656890,29.55,29.8,29.1,29.1,-0.45,424
1735,日勝化,1283,18636,14.5,14.5,14.5,14.5,0.15,5
1736,喬山,2695866,205648232,77.7,78.3,74.6,75.2,-1.7,2070
1737,臺鹽,106469,3405166,32,32.05,31.9,31.9,-0.1,92
1752,南光,531374,19050143,35.35,36.95,35,36.3,0.95,421
1760,寶齡富錦,13800581,2315361702,170,172,164,164.5,-5.5,8875
1762,中化生,496536,28768695,58.8,58.9,57.4,57.8,-0.9,404
1773,勝一,242566,27736653,115,115.5,113,113.5,-1.5,345
1776,展宇,4070,67471,16.5,16.6,16.5,16.6,-0.15,6
1783,和康生,229638,9456543,41,41.55,40.65,41.3,0.2,201
1786,科妍,77561,3802986,49.55,49.55,48.7,48.8,-0.6,108
1789,神隆,805220,19443128,24.4,24.5,23.9,24,-0.3,435
1795,美時,64888819,16023019674,241.5,253.5,241,245.5,6.5,44156
1802,台玻,9564827,228604609,24.15,24.5,23.4,23.55,-0.1,5148
1805,寶徠,28054,299017,10.75,10.75,10.45,10.6,-0.15,17
1806,冠軍,1423980,14075940,9.9,10.05,9.78,9.78,0.06,673
1808,潤隆,234941,14982544,64.1,64.5,63.1,63.1,-0.9,171
1809,中釉,1929517,27207442,14.2,14.4,13.85,13.95,-0.15,855
1810,和成,83660241,1617005682,19.05,20.15,17.95,19.65,1.3,29038
1817,凱撒衛,71242,2507643,35.4,35.4,35.05,35.3,-0.15,46
1903,士紙,118014,6054221,51.2,52,50.4,51.7,0.5,59
1904,正隆,358536,9800022,27.4,27.5,27.25,27.25,-0.15,394
1905,華紙,611045,10607963,17.35,17.45,17.2,17.2,-0.1,306
1906,寶隆,271010,4490413,16.45,16.7,16.45,16.5,0.05,83
1907,永豐餘,696650,18910759,27.2,27.4,27,27.15,0.05,482
1909,榮成,2622793,43097846,16.5,16.75,16.25,16.25,-0.2,1175
2002,中鋼,37340863,1089925997,29.3,29.6,28.75,28.75,-0.45,11547
2002A,中鋼特,23119,1051140,45.4,45.5,45.4,45.5,0.1,15
2006,東和鋼鐵,1113009,58033827,52.1,52.9,51.9,52.1,0.1,844
2007,燁興,540679,5557180,10.2,10.45,10.2,10.2,0,263
2008,高興昌,6400,108565,17,17.15,16.8,16.8,-0.2,27
2009,第一銅,9783427,316343920,31.9,33.6,31.45,31.6,0.5,5607
2010,春源,355198,5573030,15.65,15.9,15.55,15.55,-0.05,229
2012,春雨,55260,1275930,23.3,23.3,22.85,22.85,-0.2,58
2013,中鋼構,200638,11423081,56.2,57.4,56.2,56.8,0.2,139
2014,中鴻,10259719,237191207,22.95,23.6,22.7,22.8,0,4628
2015,豐興,341237,21653397,63.3,64.3,63.1,63.6,0.3,251
2017,官田鋼,226766,2952218,12.95,13.15,12.85,12.9,-0.05,190
2020,美亞,173034,4058656,23.4,23.7,23.3,23.4,0,202
2022,聚亨,502899,4133582,8.16,8.28,8.16,8.2,0.05,267
2023,燁輝,1880630,28319438,15.05,15.3,14.9,14.9,-0.1,965
2024,志聯,87384,1577442,18.2,18.2,17.8,17.8,-0.4,42
2025,千興,116002,557128,4.84,4.84,4.76,4.76,-0.07,52
2027,大成鋼,8698952,350583692,40.1,40.7,40,40,-0.05,4118
2028,威致,1004351,24797655,24.25,25.45,24.25,24.5,0.4,610
2029,盛餘,258338,6217770,24.15,24.35,23.9,24,-0.05,145
2030,彰源,1146483,25392219,22,22.5,22,22,0,539
2031,新光鋼,1702155,64261748,37.4,38.4,37.1,37.25,0,965
2032,新鋼,462673,8532426,18.35,18.85,18.1,18.15,0,275
2033,佳大,126350,1721609,13.55,13.85,13.45,13.45,-0.05,98
2034,允強,707425,19473999,27.5,27.85,27.35,27.35,-0.1,436
2038,海光,1411867,28205233,19.7,20.7,19.6,19.6,0,764
2049,上銀,1218587,226504737,187.5,188.5,184,184,-2.5,1179
2059,川湖,463975,191430897,415,416,408,413.5,1.5,565
2062,橋椿,226237,4998325,22.2,22.3,22,22,0,171
2069,運錩,397385,7848643,19.7,20.05,19.5,19.5,-0.15,215
2101,南港,471219,16731891,35.55,35.85,35.3,35.4,-0.2,361
2102,泰豐,4802547,103584209,22.05,22.05,21.1,21.25,-0.6,2146
2103,台橡,526136,14139982,26.7,27,26.7,26.8,0.15,309
2104,國際中橡,2079812,43088779,20.9,21.15,20.45,20.5,-0.4,1085
2105,正新,2345284,80414762,34.25,34.45,34.1,34.35,0.1,1315
2106,建大,525785,16533027,31.35,31.65,31.2,31.3,-0.05,356
2107,厚生,622948,13712308,21.8,22.15,21.8,22.1,0.4,387
2108,南帝,2117501,80742213,37.3,38.45,37.3,38.4,1.25,1588
2109,華豐,99666,1481937,14.8,14.95,14.8,14.85,0,87
2114,鑫永銓,12687,1233582,97.3,97.3,97.1,97.2,0.2,98
2115,六暉-KY,65814,1916340,29.05,29.35,29,29.1,0.05,57
2201,裕隆,71369496,4268927571,57.5,62,57.4,60.6,2.9,33019
2204,中華,5925907,316556369,52.5,54.1,52.2,53.7,0.9,3598
2206,三陽工業,1465801,53172916,36.4,36.7,36.1,36.1,-0.2,968
2207,和泰車,277618,175806074,626,637,625,637,5,413
2208,台船,3060044,56768920,18.5,18.85,18.35,18.35,-0.05,1633
2211,長榮鋼,134871,7066131,52.4,52.8,52,52,-0.4,142
2227,裕日車,71737,14815500,208.5,209,203,207,-2,411
2228,劍麟,277573,21733571,79.6,79.6,77.9,77.9,-1.6,223
2231,為升,383902,55551133,145.5,147,143,143.5,-0.5,331
2233,宇隆,58480,5656273,96.8,97.1,96.3,96.4,-0.8,80
2236,百達-KY,15867,318152,20.05,20.2,19.95,20.1,0,17
2239,英利-KY,35065,2139066,61.4,61.8,60.6,60.6,-0.9,39
2241,艾姆勒,36122,1128142,31.5,31.8,31.1,31.15,-0.1,37
2243,宏旭-KY,6000,77400,13,13.05,12.8,12.85,-0.05,6
2247,汎德永業,46450,9923997,214,214,213,214,0.5,91
2250,IKKA-KY,41107,2887197,70.2,70.7,69.9,70,-0.7,51
2301,光寶科,8604997,557091263,65.3,65.5,64.3,64.5,-1.6,4436
2302,麗正,701040,13104454,18.8,19.05,18.45,18.5,-0.35,357
2303,聯電,33919263,1555022015,46.05,46.15,45.7,45.8,-0.4,13923
2305,全友,3598992,102924226,29.05,29.35,28,28.3,-0.55,1823
2308,台達電,7198271,2171790268,299,304,299,302,0,5404
2312,金寶,3924615,54330019,14,14,13.75,13.75,-0.15,1443
2313,華通,8569927,413669904,48.3,48.45,48.05,48.05,-0.3,4290
2314,台揚,1378019,51488610,38,38.3,36.9,36.9,-1.2,885
2316,楠梓電,51114,1283542,25.2,25.2,25,25.05,-0.1,105
2317,鴻海,35032161,3524752085,100.5,101,100,100.5,-0.5,16153
2321,東訊,3289,16482,5,5.01,5,5.01,-0.05,10
2323,中環,2024261,14355312,7.08,7.12,7.07,7.07,0,835
2324,仁寶,10979841,235652907,21.6,21.6,21.35,21.6,-0.25,5342
2327,國巨,1591859,712875049,452,454.5,443,445,-7,3563
2328,廣宇,1041222,35403513,34.35,34.45,33.65,33.65,-0.5,669
2329,華泰,1933401,36019710,18.8,18.8,18.5,18.5,-0.2,881
2330,台積電,41461805,20594790238,494,498,494,498,2,34399
2331,精英,776550,17189670,22.25,22.5,22,22,-0.25,500
2332,友訊,1402139,20603035,14.6,14.85,14.55,14.55,-0.05,460
2337,旺宏,7575005,260140645,34.8,34.9,34,34.2,-0.55,4362
2338,光罩,10234104,818276962,79.2,81.7,78.6,79.8,0.1,6597
2340,台亞,2976917,109027943,36.65,37.1,36.1,36.65,0,1706
2342,茂矽,2231945,85779535,37.6,38.8,37.6,38.55,1.05,1426
2344,華邦電,8324064,181044056,21.85,22,21.6,21.65,-0.25,3438
2345,智邦,1354878,362703538,271,272,264.5,265.5,-3.5,1189
2347,聯強,6290481,366903196,59,59.2,57.8,57.8,-1,3940
2348,海悅,175200,10871689,62.3,62.5,61.8,61.8,-0.5,140
2348A,海悅甲特,,,,,,,0,
2349,錸德,666921,4956094,7.47,7.48,7.4,7.4,-0.06,267
2351,順德,2574205,258126465,98.4,101.5,98,100.5,2.3,1597
2352,佳世達,3017412,85485512,28.55,28.75,28.15,28.2,-0.3,1391
2353,宏碁,6571353,162464502,24.85,25,24.55,24.55,-0.3,3073
2354,鴻準,1939605,96837093,50,50.1,49.6,49.95,0.1,1183
2355,敬鵬,2344010,73002969,31.95,32.1,30.7,30.75,-1.2,1241
2356,英業達,11738563,278791713,23.85,24,23.6,24,-0.4,4743
2357,華碩,4379325,1168973434,270,271.5,265,265,-2.5,6903
2358,廷鑫,1204689,18345053,15.15,15.45,15.05,15.05,-0.1,613
2359,所羅門,828956,20124960,24.35,24.55,24.05,24.05,-0.3,482
2360,致茂,557433,104050677,188.5,191,185,185,-5,1064
2362,藍天,126610,4006608,32,32,31.55,31.7,-0.15,106
2363,矽統,984669,16731456,17.05,17.15,16.85,16.9,-0.1,566
2364,倫飛,6945509,872366085,121,129.5,121,121.5,1.5,5835
2365,昆盈,271862,2725400,9.99,10.2,9.99,10,-0.15,121
2367,燿華,10573686,199398535,19.15,19.25,18.6,18.65,-0.3,3967
2368,金像電,13516572,1354070517,103,103,98,100,-0.5,8498
2369,菱生,574875,8072699,14.1,14.3,13.9,13.95,-0.2,398
2371,大同,4120369,131778437,32.15,32.2,31.7,31.85,-0.35,1435
2373,震旦行,58450,4571773,78.3,78.4,78,78.4,-0.2,66
2374,佳能,420873,9124778,21.75,21.9,21.5,21.5,-0.25,276
2375,凱美,479772,27824339,57.5,58.8,57.4,57.4,0.2,540
2376,技嘉,18581817,2028340448,107.5,112,106.5,107.5,0.5,11156
2377,微星,4295409,540431473,124,127.5,123.5,125,1.5,2665
2379,瑞昱,7995094,2685432918,344.5,348,330.5,330.5,-12.5,6883
2380,虹光,1959378,24636396,12.95,13.05,12.35,12.4,-0.55,881
2382,廣達,7441387,530684351,72.3,72.3,71,71,-1.1,4342
2383,台光電,2762553,506109596,187,188,180,180,-6.5,3079
2385,群光,811827,66485187,81.7,82.3,81.5,81.6,0.2,709
2387,精元,495156,20173712,40.6,40.95,40.5,40.8,0.05,284
2388,威盛,19247189,1348998705,72.2,72.3,68.4,68.6,-3.3,11766
2390,云辰,873431,11856814,13.5,13.75,13.4,13.45,0.15,567
2392,正崴,4940994,183081383,36.75,37.6,36.3,36.35,0.1,2747
2393,億光,351005,13013424,37.45,37.45,36.95,37.05,-0.05,274
2395,研華,549795,175209324,322.5,323.5,315.5,317.5,-3.5,1618
2397,友通,11022,644805,58.6,58.6,58.3,58.3,-0.9,15
2399,映泰,2513196,35629838,14.05,14.45,13.9,13.9,-0.1,1148
2401,凌陽,1529314,37895354,25,25.15,24.55,24.55,-0.5,1182
2402,毅嘉,5478702,99879102,17.85,18.45,17.8,18.1,0.15,1997
2404,漢唐,404373,70905724,176,176.5,174.5,174.5,-1,941
2405,輔信,1475534,18769236,12.75,12.85,12.6,12.6,-0.05,544
2406,國碩,1075538,19745909,18.4,18.6,18.15,18.15,-0.25,775
2408,南亞科,6584183,394240891,60.3,60.6,59.4,59.7,-0.2,3104
2409,友達,38558194,630438232,16.3,16.55,16.2,16.3,0,9926
2412,中華電,20032864,2244946967,110,114,110,112.5,2.5,7890
2413,環科,2453836,66920437,27.7,28,27.05,27.05,-0.65,1316
2414,精技,81532,2527684,30.95,31.25,30.85,31.05,0.05,68
2415,錩新,79510,1793018,22.8,22.8,22.45,22.5,-0.3,68
2417,圓剛,4441568,105500606,22.35,24.3,22.35,24.3,2.2,2171
2419,仲琦,2970738,76128177,25.3,25.9,25.3,25.45,0.15,1511
2420,新巨,88978,3477165,39.15,39.15,39,39.05,-0.05,92
2421,建準,881233,39956875,45.4,45.9,44.9,44.9,-0.5,881
2423,固緯,19800,534604,27.15,27.15,26.85,26.85,-0.3,29
2424,隴華,44959,907789,21.05,21.35,21,21.35,1,48
2425,承啟,474715,13067565,27.6,27.75,27.35,27.35,-0.2,226
2426,鼎元,364056,6402150,17.5,17.8,17.4,17.4,-0.2,244
2427,三商電,191802,2242650,11.75,11.75,11.65,11.7,0.05,82
2428,興勤,162833,19256018,118.5,119.5,117.5,117.5,-0.5,169
2429,銘旺科,6112,61111,9.96,10.05,9.96,10.05,0.05,6
2430,燦坤,49528,2063897,41.65,41.8,41.6,41.6,0.1,85
2431,聯昌,79801,824822,10.35,10.4,10.25,10.25,-0.05,49
2433,互盛電,3120,149714,47.95,48,47.95,48,0,6
2434,統懋,4115,124982,30.4,30.6,30,30,0.1,5
2436,偉詮電,2746802,127126327,47.25,47.25,45.65,45.65,-1.15,2200
2438,翔耀,39613,516913,13.05,13.2,13,13.2,0.15,34
2439,美律,1009294,86819922,86.5,87.3,85.1,85.1,-1.2,783
2440,太空梭,132438,1638703,12.45,12.5,12.3,12.3,-0.25,89
2441,超豐,2261789,110664092,48.5,49.6,48.45,48.45,0.1,1746
2442,新美齊,1917831,24288995,12.35,12.85,12.35,12.7,0.4,648
2443,昶虹,435702,1226746,2.92,2.98,2.74,2.92,0,60
2444,兆勁,688660,9089888,13,13.45,12.95,13.3,0.35,327
2449,京元電子,2607551,91873533,35.4,35.45,35.05,35.05,-0.4,1739
2450,神腦,48435,1491726,30.85,30.85,30.75,30.75,-0.1,63
2451,創見,236592,15731328,66.5,66.8,66.2,66.4,0.1,229
2453,凌群,64082,1599293,24.95,25.15,24.8,24.85,-0.1,50
2454,聯發科,5847844,4263799460,729,736,723,727,-1,6457
2455,全新,14548829,1176530670,81.6,82,79.5,80.6,-0.1,10208
2457,飛宏,36968179,1535255263,39.35,42.7,38.8,42.3,3.45,19194
2458,義隆,1280953,113965451,89.8,90.2,88.5,88.6,-1.1,2030
2459,敦吉,43281,2287212,53.2,53.3,52.4,52.5,-0.3,61
2460,建通,5789574,107019624,18.5,19.15,18,18.4,0.7,3131
2461,光群雷,669486,12397378,18.85,18.85,18.35,18.4,-0.3,277
2462,良得電,2600583,70653672,27.6,27.8,26.45,27.8,0,1495
2464,盟立,161624,6084902,37.6,37.85,37.55,37.6,0,127
2465,麗臺,8763524,343930913,38,40.8,38,38,0.3,5939
2466,冠西電,70000,2513600,35.9,36.1,35.45,36.1,0.4,45
2467,志聖,48094,2193046,45.8,45.8,45.4,45.45,-0.2,116
2468,華經,6862687,206525948,29.35,30.9,29.3,29.3,-0.05,4236
2471,資通,207204,5676342,27.95,27.95,27.25,27.3,-0.35,142
2472,立隆電,189662,10572601,56.4,56.4,55.5,55.5,-0.5,150
2474,可成,5029660,898277068,179.5,180,176.5,180,-0.5,14384
2476,鉅祥,1064998,50164275,47.05,47.5,46.55,46.55,-0.3,651
2478,大毅,60758,2681898,44,44.55,43.85,43.85,-0.5,98
2480,敦陽科,76153,6201401,80.8,81.6,80.8,81.5,0.5,104
2481,強茂,3013939,183421517,61,61.5,60.2,60.4,-0.3,2180
2482,連宇,12975364,336636335,25.5,26.65,25.15,25.2,0.2,6224
2483,百容,280595,6805705,24.3,24.4,24.1,24.2,-0.1,150
2484,希華,1665823,58944993,35.7,35.85,35.05,35.05,-0.7,996
2485,兆赫,551869,9733994,17.65,17.8,17.5,17.5,-0.15,326
2486,一詮,9636012,198505590,18.85,21.05,18.85,21.05,1.9,4092
2488,漢平,106110,3092064,29.15,29.2,29.1,29.1,-0.15,77
2489,瑞軒,1770041,17763357,10,10.1,9.96,10.05,0.09,956
2491,吉祥全,180174,2272089,12.6,12.75,12.6,12.6,0,29
2492,華新科,833150,71502161,86.6,86.7,85.2,85.2,-1.2,979
2493,揚博,165297,6982914,42.25,42.25,42.15,42.25,0,91
2495,普安,2567691,49179409,19.05,19.35,18.9,19.05,0.15,1159
2496,卓越,8002,371592,46.4,46.45,46.4,46.45,0.1,8
2497,怡利電,3666877,272615684,73.6,75.3,73.4,73.5,0.1,2548
2498,宏達電,12599533,671960172,53.7,53.9,52.6,52.7,-0.7,5871
2501,國建,532877,8233680,15.5,15.6,15.35,15.35,-0.1,310
2504,國產,1222814,30805104,25.25,25.35,25.05,25.05,-0.15,510
2505,國揚,85904,1641584,19.1,19.15,19.05,19.05,-0.05,55
2506,太設,197967,1849808,9.39,9.39,9.3,9.32,-0.03,111
2509,全坤建,40053,580537,14.65,14.65,14.4,14.55,0.1,67
2511,太子,320122,3420045,10.7,10.75,10.6,10.7,0,194
2514,龍邦,136875,2313290,16.85,17,16.8,16.85,0,34
2515,中工,1717925,14104430,8.19,8.24,8.18,8.19,0,531
2516,新建,242849,1216475,5.06,5.08,4.96,5.08,0.08,170
2520,冠德,350670,9740973,27.7,27.95,27.55,27.65,-0.1,239
2524,京城,26301,909633,34.5,35,34.3,34.4,-0.7,59
2527,宏璟,139545,2922877,20.9,21.05,20.85,20.85,0,114
2528,皇普,33147,586946,17.85,17.85,17.65,17.8,-0.05,16
2530,華建,770788,14486535,18.9,19,18.7,18.7,-0.3,451
2534,宏盛,854993,21747198,25.5,25.6,25.25,25.25,-0.35,515
2535,達欣工,212475,6422270,30.2,30.3,30.15,30.25,0.05,172
2536,宏普,163785,3700512,22.75,22.75,22.55,22.65,0,100
2537,聯上發,464683,3290243,7.09,7.1,7.05,7.06,-0.02,127
2538,基泰,307420,3829561,12.5,12.5,12.4,12.4,-0.1,98
2539,櫻花建,311792,10067311,32.45,32.45,32.1,32.1,-0.3,260
2540,愛山林,720907,56799374,76.2,81.3,75.3,79.8,4.1,500
2542,興富發,3480812,155518784,44.9,44.95,44.55,44.55,-0.35,5465
2543,皇昌,96001,815148,8.52,8.54,8.45,8.51,0.01,44
2545,皇翔,247207,10375196,42,42.6,41.65,41.8,-0.25,184
2546,根基,309060,15572310,49.3,51,49.3,50.2,0.9,194
2547,日勝生,401052,3726712,9.29,9.36,9.27,9.29,0.02,213
2548,華固,226197,19930792,88,88.3,87.9,88,-0.1,298
2597,潤弘,202018,21421458,104.5,107.5,104,107.5,2.5,490
2601,益航,1980663,16694445,8.4,8.49,8.36,8.37,0,835
2603,長榮,40026500,6498750034,161,165,159.5,160.5,-0.5,20472
2605,新興,6492152,129355313,19.6,20.25,19.6,19.95,0.5,2945
2606,裕民,19610930,900895173,44.9,47,44.5,46.5,2,11614
2607,榮運,6734633,190040184,27.95,28.45,27.85,28.15,0.35,3010
2608,嘉里大榮,195063,7276265,37,37.45,37,37.2,0.2,255
2609,陽明,48600259,3176952041,64.8,66,64.3,64.9,0.3,24204
2610,華航,42636512,746477009,17.45,17.7,17.35,17.35,0,11228
2611,志信,1400579,18620539,13.1,13.5,12.95,13.25,0.2,600
2612,中航,847685,30936835,36.35,36.85,36.05,36.4,0.55,675
2613,中櫃,789581,17413174,21.75,22.4,21.65,21.7,-0.05,467
2614,東森,1558249,31976418,20.4,20.65,20.3,20.4,0,1215
2615,萬海,24236602,1842624535,75.4,77.3,74.8,74.9,-0.5,14294
2616,山隆,86676,2812690,32.4,32.55,32.35,32.45,0.1,142
2617,台航,1945977,50191046,25.55,25.95,25.4,25.8,0.3,912
2618,長榮航,39879823,1051032690,26.25,26.7,26.05,26.05,-0.1,11927
2630,亞航,71335,1205094,16.95,16.95,16.8,16.9,-0.05,56
2633,台灣高鐵,4865727,138300233,28.4,28.55,28.25,28.55,0.2,1498
2634,漢翔,4869798,153571464,31.5,31.8,31.35,31.4,0,2270
2636,台驊投控,1152035,87771587,75.6,77,75.1,76,0.4,950
2637,慧洋-KY,13415126,817275748,60.2,61.6,59.7,60.7,0.9,7738
2642,宅配通,153243,6925000,45.25,45.7,44.5,44.6,-0.4,267
2701,萬企,184690,2234529,12.15,12.15,12.05,12.1,-0.05,60
2702,華園,402677,8783695,21.65,22,21.6,21.7,-0.05,278
2704,國賓,69103,2135977,30.9,31,30.8,30.95,0,59
2705,六福,103233,1704688,16.55,16.55,16.4,16.45,-0.1,116
2706,第一店,219185,3123156,14.25,14.3,14.15,14.25,0.05,108
2707,晶華,1389063,277661075,196,202,196,199.5,3,1699
2712,遠雄來,3001,99633,33.1,33.45,33.05,33.45,0.1,4
2722,夏都,59141,1952596,32.8,33.4,32.8,32.9,0.1,31
2723,美食-KY,606136,68324007,114.5,115,111,111,-2.5,498
2727,王品,679681,101815652,151,152.5,148,148.5,-3.5,2054
2731,雄獅,524383,49905931,95,96.2,94.1,94.1,-0.6,724
2739,寒舍,122206,3304558,26.85,27.35,26.75,27.15,0.4,90
2748,雲品,307706,15618708,50.2,51.4,50,50.2,0,256
2753,八方雲集,1148062,231168616,206.5,209,196.5,196.5,-8,4214
2801,彰銀,8099015,139313171,17.25,17.25,17.15,17.25,0,1887
2809,京城銀,989556,34730658,35.1,35.35,34.85,35,-0.1,902
2812,台中銀,2694924,35056522,13,13.05,12.95,13.05,0,1400
2816,旺旺保,234172,3535284,15.15,15.15,15.05,15.05,-0.2,85
2820,華票,439979,6518847,14.9,14.9,14.75,14.85,-0.05,994
2832,台產,65588,1334132,20.4,20.45,20.3,20.35,0,66
2834,臺企銀,32313953,408945151,12.65,12.7,12.6,12.6,-0.05,8202
2836,高雄銀,266583,3409332,12.85,12.9,12.7,12.75,-0.1,160
2836A,高雄銀甲特,6000,130950,21.85,21.85,21.8,21.8,0,3
2838,聯邦銀,646929,10571105,16.45,16.45,16.25,16.25,-0.2,457
2838A,聯邦銀甲特,131517,6583933,50,50.2,50,50.2,0.1,116
2845,遠東銀,3894597,42673182,10.95,11,10.9,10.95,0,1072
2849,安泰銀,50666,751650,14.85,14.85,14.75,14.75,-0.1,36
2850,新產,232222,11296542,48.5,48.9,48.3,48.9,0.3,184
2851,中再保,1438521,27460005,19.45,19.45,18.95,19.15,-0.2,770
2852,第一保,177986,2726250,15.35,15.35,15.3,15.3,-0.05,89
2855,統一證,791324,12829465,16.05,16.3,16.05,16.2,0.1,374
2867,三商壽,8971814,49803733,5.55,5.6,5.52,5.53,-0.01,1812
2880,華南金,12162053,270312129,22.3,22.35,22.1,22.25,-0.1,3238
2881,富邦金,21259126,1228652623,57.7,58.2,57.2,57.9,0.2,10688
2881A,富邦特,54221,3255160,60,60.1,59.9,59.9,-0.1,28
2881B,富邦金乙特,17303,985439,57,57.3,56.8,57.2,0.1,12
2881C,富邦金丙特,3989,218361,54.7,54.9,54.7,54.9,0,24
2882,國泰金,23692538,1011572240,42.55,43,42.45,42.55,0,7457
2882A,國泰特,99221,5644117,56.8,57,56.8,56.8,0,58
2882B,國泰金乙特,84043,4631865,55.2,55.3,55.1,55.3,0,29
2883,開發金,48945562,635375106,12.85,13.1,12.8,12.9,0,9561
2883B,開發金乙特,944968,7154522,7.58,7.59,7.56,7.58,-0.02,254
2884,玉山金,30260284,726924578,24.15,24.2,23.85,24.15,-0.1,9299
2885,元大金,15892618,351661432,22.15,22.3,22,22.05,-0.25,8182
2886,兆豐金,17097201,536574879,31.45,31.65,31.2,31.35,-0.3,8409
2887,台新金,16342344,241498559,14.75,14.85,14.65,14.85,0.05,5218
2887E,台新戊特,171134,8414640,49.4,49.4,49.1,49.1,-0.3,104
2887F,台新戊特二,38254,1735155,45.4,45.4,45.35,45.4,0.05,35
2887Z1,台新己特,8711,143835,16.5,16.55,16.5,16.55,0,14
2888,新光金,22206831,193238461,8.71,8.73,8.67,8.71,-0.02,3423
2888A,新光金甲特,17112,605082,35.35,35.4,35.3,35.4,0,16
2888B,新光金乙特,81587,2884071,35.35,35.35,35.35,35.35,-0.05,40
2889,國票金,7562417,87881711,11.65,11.7,11.55,11.6,-0.1,2353
2890,永豐金,35762748,621179946,17.3,17.5,17.2,17.5,0.2,8080
2891,中信金,24710931,555058569,22.4,22.6,22.3,22.4,-0.05,8021
2891B,中信金乙特,500,29500,,,,,0,1
2891C,中信金丙特,1032,60984,59.1,59.1,59.1,59.1,0,4
2892,第一金,17659442,454614955,25.55,25.9,25.5,25.9,0.3,5098
2897,王道銀行,2027830,17194797,8.42,8.52,8.42,8.46,0.05,682
2897A,王道銀甲特,30000,299050,9.98,9.98,9.96,9.97,-0.02,8
2901,欣欣,10521,246465,23.55,23.55,23.35,23.45,-0.05,79
2903,遠百,341569,6693068,19.7,19.8,19.5,19.5,-0.15,266
2904,匯僑,27538,534579,19.2,19.55,19.2,19.35,-0.15,34
2905,三商,329104,4934267,15.1,15.1,14.85,15,-0.05,226
2906,高林,1202095,21368714,17.65,18.15,17.6,17.6,-0.05,606
2908,特力,64502,1288042,19.95,20,19.9,19.95,-0.05,52
2910,統領,1001,34283,34.25,34.25,34.25,34.25,0.65,2
2911,麗嬰房,49640,314219,6.35,6.35,6.31,6.31,-0.01,196
2912,統一超,971177,257648087,265.5,266.5,264.5,265,0,788
2913,農林,942999,21164125,22.5,22.6,22.3,22.3,-0.15,346
2915,潤泰全,4788661,318802668,66.8,67.5,65.9,66,-0.8,3397
2923,鼎固-KY,3574,80584,22.6,22.6,22.5,22.5,-0.65,21
2929,淘帝-KY,400787,4843313,12.25,12.3,11.9,11.9,-0.3,224
2939,凱羿-KY,1449162,56664756,39.9,40.85,38.55,39.05,0.25,243
2945,三商家購,17422,718542,41.5,41.5,41,41.5,0,27
3002,歐格,152060,1756043,11.5,11.65,11.5,11.55,0,85
3003,健和興,697996,51499154,73.1,74.3,73.1,73.1,-0.5,663
3004,豐達科,132431,8939937,68,68.9,66.7,66.7,-1.8,200
3005,神基,881932,36858186,41.75,42.15,41.5,41.5,-0.2,677
3006,晶豪科,15788974,1157092477,74.2,74.7,72.5,72.6,-4.3,10707
3008,大立光,600357,1370031065,2330,2335,2255,2260,-65,4849
3010,華立,135295,11665701,86,86.5,85.8,86.4,0,253
3011,今皓,905108,15012378,16.3,16.9,16.3,16.5,0.25,356
3013,晟銘電,156006,2398686,15.45,15.55,15.25,15.4,-0.05,111
3014,聯陽,355470,25250467,71.8,71.8,70.6,70.7,-0.9,555
3015,全漢,38184,1463347,38.45,38.45,38.15,38.4,0,49
3016,嘉晶,604500,47190767,78.8,79,77.4,77.6,-1.1,568
3017,奇鋐,3113803,343633907,110.5,112,109,109,-2,2406
3019,亞光,719258,45874247,64.3,64.5,63.2,63.4,-0.7,583
3021,鴻名,154917,3237735,21.2,21.2,20.75,20.75,-0.4,112
3022,威強電,6302835,451153369,70.8,72.7,70.2,71.2,0.7,4151
3023,信邦,312793,85596019,273,275,272,274,1.5,325
3024,憶聲,1318605,17782323,13.35,13.65,13.35,13.4,0.05,523
3025,星通,1213137,27507275,23.25,23.3,22.35,22.35,-0.9,718
3026,禾伸堂,117230,10578747,90.6,90.6,90.1,90.3,0,121
3027,盛達,4229302,110442537,26.2,26.65,25.75,25.75,-0.45,2012
3028,增你強,133514,3745153,28.05,28.1,28,28.1,0,190
3029,零壹,169180,6757568,40,40,39.85,39.9,-0.2,164
3030,德律,221880,14480131,65,65.9,64.9,65,-0.4,210
3031,佰鴻,198862,3132610,15.95,15.95,15.6,15.65,-0.25,137
3032,偉訓,132081,3871310,29.25,29.6,29.05,29.1,0.1,78
3033,威健,685061,18421749,26.9,27,26.8,26.8,-0.1,452
3034,聯詠,3861194,1146184339,302,302.5,294,294.5,-7.5,6031
3035,智原,17735411,3015343772,172,173.5,167.5,167.5,-4.5,11787
3036,文曄,1109623,68004217,61.2,61.5,61,61.1,0,839
3036A,文曄甲特,56050,2629105,46.9,46.95,46.85,46.9,0,33
3037,欣興,31719780,5018116803,157.5,161,156,156.5,-1,17118
3038,全台,1535977,31887397,21,21.05,20.55,20.6,-0.3,628
3040,遠見,5000,148950,29.8,29.8,29.75,29.8,-0.05,5
3041,揚智,692630,14287474,20.95,20.95,20.5,20.55,-0.35,406
3042,晶技,511042,41911748,83,83,81.6,81.6,-0.9,493
3043,科風,413805,2478391,6.09,6.09,5.96,5.96,-0.04,158
3044,健鼎,770986,74197259,95.4,96.7,95.4,96,0.7,693
3045,台灣大,3425948,320935192,93.4,94.1,93.2,94.1,0.8,2658
3046,建碁,7686774,441147154,57.3,58.8,55.6,55.6,-1.5,5056
3047,訊舟,7876353,130013228,16.4,16.8,16.1,16.1,-0.15,3358
3048,益登,308751,8666963,28.05,28.25,27.95,28,0,214
3049,和鑫,1476937,13857320,9.37,9.46,9.32,9.32,0,579
3050,鈺德,211006,3363493,16,16,15.85,15.9,0,75
3051,力特,626272,12282109,19.65,20,19.4,19.5,-0.05,406
3052,夆典,144171,1460221,10.15,10.15,10.1,10.15,0.1,49
3054,立萬利,17000,327900,19.4,19.4,19.25,19.25,-0.15,11
3055,蔚華科,181523,4555319,25.4,25.4,24.9,24.95,-0.45,339
3056,總太,1659226,51758996,31.6,31.7,30.8,31.25,-0.35,835
3057,喬鼎,218985,2214643,10.3,10.3,10,10.2,-0.15,292
3058,立德,351826,3571270,10.1,10.25,10.05,10.15,0.15,196
3059,華晶科,6574890,244117955,37.75,37.75,36.5,36.6,-1.15,3876
3060,銘異,119142,2012382,16.9,17,16.8,16.8,-0.05,148
3062,建漢,3911315,90345728,23.15,23.5,22.75,22.75,-0.25,1919
3090,日電貿,228268,11926126,52.5,52.5,52.1,52.3,0,183
3092,鴻碩,1152642,41224011,35.9,37.45,35.3,35.5,-0.1,697
3094,聯傑,110354,2857244,26.2,26.2,25.65,25.7,-0.45,90
3130,一零四,11306,2161213,191,191,191,191,-1,178
3138,耀登,828085,112379341,141.5,141.5,133,133,-7.5,1081
3149,正達,857283,17158465,20.1,20.35,19.8,19.85,-0.3,531
3164,景岳,80321,1780588,22.15,22.5,22.05,22.1,-0.05,77
3167,大量,72571,3137280,43.4,43.5,43,43,-0.35,87
3189,景碩,14582420,1766414484,121,123,119.5,120.5,0.5,8705
3209,全科,342787,11871792,34.7,34.8,34.5,34.6,-0.1,282
3229,晟鈦,46001,896870,19.5,19.55,19.35,19.5,0,20
3231,緯創,4172249,113784032,27.35,27.4,27.2,27.25,-0.1,2195
3257,虹冠電,31294,1261557,40.65,40.65,40,40.55,0.2,40
3266,昇陽,72000,848550,11.8,11.8,11.75,11.75,0.05,28
3296,勝德,1096353,18570698,17.25,17.3,16.75,16.8,-0.45,672
3305,昇貿,1079283,44938775,42.4,42.6,40.95,41,-0.65,772
3308,聯德,12095,165658,13.7,13.85,13.6,13.85,0.1,25
3311,閎暉,5688,184802,32.6,32.6,32.35,32.5,0.1,14
3312,弘憶股,193880,3562628,18.35,18.5,18.3,18.4,0.05,151
3321,同泰,88227,760362,8.72,8.72,8.57,8.63,-0.03,76
3338,泰碩,156868,5368815,34.6,34.6,33.9,33.9,-0.4,163
3346,麗清,406548,13069754,32.6,32.6,31.7,31.7,-0.65,277
3356,奇偶,10424989,453987628,42.6,45.1,41.9,41.95,-0.75,6746
3376,新日興,208682,17429537,83.7,84,83.1,83.3,-0.1,417
3380,明泰,1291611,38386426,30.2,30.2,29.5,29.5,-0.5,841
3406,玉晶光,3337419,1317439958,401,403,390.5,391.5,-9,3307
3413,京鼎,626838,119050054,191.5,193,188,188.5,-3.5,614
3416,融程電,113395,9390393,83.7,83.7,82.5,82.6,-0.6,124
3419,譁裕,2241254,43597256,19.65,19.8,19.1,19.3,-0.25,1041
3432,台端,1115432,24097035,21.95,22.25,21.2,21.35,-0.6,620
3437,榮創,167386,2849299,17.05,17.15,16.9,16.9,-0.15,256
3443,創意,6175504,4559214019,746,750,726,740,-5,5675
3450,聯鈞,197298,7700586,38.95,39.4,38.85,38.95,0.05,169
3454,晶睿,15989988,2899884602,176,189.5,174,174,-1,12377
3481,群創,34332315,430012970,12.45,12.6,12.4,12.5,0.05,5888
3494,誠研,686948,5967696,8.62,8.81,8.61,8.66,0.04,303
3501,維熹,142989,6962811,48.8,49,48.5,48.8,0,211
3504,揚明光,1555239,140377285,90.5,91.4,89.1,89.3,-1,1330
3515,華擎,5053200,672566652,125.5,136.5,125.5,136.5,12,3415
3518,柏騰,832415,18194999,20.55,22.45,20.5,22.45,2,521
3528,安馳,6714,336715,50.1,50.3,50.1,50.2,0.1,13
3530,晶相光,116440,9018148,79.3,79.3,76,76.3,-1.7,204
3532,台勝科,3874982,658171852,171.5,174.5,166.5,166.5,-5.5,3595
3533,嘉澤,747264,658484764,886,890,870,886,-9,1304
3535,晶彩科,1681623,42314124,25.35,25.6,25,25,-0.35,895
3536,誠創,33423,123977,3.79,3.79,3.61,3.75,-0.03,19
3543,州巧,37010,725207,20.15,20.15,19.55,19.7,0.05,16
3545,敦泰,2501040,164486716,66.1,66.8,65,65.2,-0.9,2068
3550,聯穎,47422,627460,13.3,13.3,13.2,13.25,-0.05,50
3557,嘉威,516308,27605198,54.4,54.4,52.8,52.8,-1.1,355
3563,牧德,235875,32780378,139,141.5,137,137,-1,352
3576,聯合再生,5137343,107725895,21.05,21.2,20.9,20.9,-0.1,2022
3583,辛耘,341767,24791958,73.3,73.3,72,72,-1.3,459
3588,通嘉,1139279,70704252,62,62.9,61.4,61.7,-0.1,957
3591,艾笛森,1554016,25871697,16.5,17,16.45,16.5,-0.3,907
3592,瑞鼎,876243,267907635,310,311,303,303,-7,1065
3593,力銘,28576,393938,14,14,13.6,13.9,-0.1,44
3596,智易,1875671,189698272,101.5,102.5,100,100,-1,1632
3605,宏致,301353,9364127,31.35,31.45,30.9,30.9,-0.4,220
3607,谷崧,89010,1065272,12,12,11.95,12,0,55
3617,碩天,162830,17396274,107.5,108.5,105.5,105.5,-1.5,156
3622,洋華,65005,1818387,28,28.1,27.85,28.05,-0.05,39
3645,達邁,359290,11389385,31.8,32.1,31.4,31.45,-0.55,288
3652,精聯,84000,1913450,23.3,23.3,22.5,22.5,-0.5,61
3653,健策,490015,186093296,384,386,376,376,-8,767
3661,世芯-KY,4871107,4352688552,916,918,875,883,-33,7186
3665,貿聯-KY,1448169,363764397,253,255,249,249,-4,1490
3669,圓展,887352,40114810,43.9,46.5,43.3,44.9,0.8,863
3673,TPK-KY,580856,18092036,31.5,31.6,30.8,30.95,-0.5,388
3679,新至陞,26540,2435243,92.4,92.5,91.5,91.8,-0.6,120
3682,亞太電,2589879,16080476,6.15,6.24,6.15,6.22,0.07,693
3686,達能,190544,2381046,12.55,12.6,12.4,12.45,-0.1,168
3694,海華,331000,6908950,20.55,21.25,20.55,20.6,0,220
3701,大眾控,387328,15111603,39.7,39.7,38.3,38.3,-0.9,283
3702,大聯大,4040709,190187286,47.2,47.45,46.8,46.9,-0.3,2108
3702A,大聯大甲特,147087,6924939,47.15,47.25,47,47.15,0.1,150
3703,欣陸,1351612,39121355,28.75,29.25,28.65,28.85,0.2,834
3704,合勤控,12932458,428712281,31.95,33.8,31.9,33.55,1.7,7637
3705,永信,189530,7618792,40.05,40.4,40,40.2,0.15,140
3706,神達,2381886,69876553,29.3,29.4,29.25,29.3,0,1108
3708,上緯投控,1965386,189827924,96.1,97.5,95.2,96.3,0.7,1570
3711,日月光投控,10453961,1005338237,96,96.6,95.3,96.1,-0.3,6927
3712,永崴投控,168687,4396403,25.9,26.4,25.75,25.75,-0.25,137
3714,富采,2730546,126754628,46.5,46.95,45.9,45.95,-0.55,1980
3715,定穎投控,405249,6947390,17.25,17.3,17,17,-0.2,250
4104,佳醫,235219,14977000,64,64,63.3,63.5,-0.5,239
4106,雃博,169943,4211320,24.9,25.1,24.6,24.6,-0.25,177
4108,懷特,508259,9686232,18.9,19.4,18.65,19,0.4,332
4119,旭富,2571657,247868448,97.7,99.3,93.9,93.9,-5,2601
4133,亞諾法,862508,32884857,38.5,39.1,37.3,37.3,-1.3,778
4137,麗豐-KY,113544,19508909,171.5,174,170,171,-0.5,118
4142,國光生,956658,35260218,36.95,37.3,36.5,36.6,-0.2,597
4148,全宇生技-KY,266605,16063641,60.5,61.5,59.1,59.1,-1.2,225
4155,訊映,764930,20058891,26.35,26.4,26.1,26.1,-0.2,313
4164,承業醫,863723,38275503,44.25,45.1,43.5,43.5,-0.5,702
4190,佐登-KY,61115,4191680,69,69.2,68,69.1,0,67
4306,炎洲,355891,5175099,14.55,14.65,14.5,14.5,-0.05,217
4426,利勤,339425,8087760,23.6,24.15,23.45,24.05,0.6,225
4438,廣越,315594,37871653,122,122,119,119.5,-2.5,256
4439,冠星-KY,12067,1217819,101.5,101.5,100,101.5,-0.5,16
4440,宜新實業,36355,1224397,33.55,33.8,33.55,33.8,0,25
4526,東台,43249,602507,13.9,14,13.9,13.95,0.05,79
4532,瑞智,229489,3720246,16.3,16.3,16.15,16.15,-0.15,155
4536,拓凱,540364,93497855,174.5,176,171,171,-3.5,493
4540,全球傳動,80014,2868256,36.15,36.2,35.55,35.8,-0.2,57
4545,銘鈺,4000,111950,28,28,27.95,28,-0.15,3
4551,智伸科,602073,96877779,161,162.5,159,159.5,0.5,537
4552,力達-KY,48318,1405540,29.5,29.5,28.85,29.2,-0.1,49
4555,氣立,11000,550400,50,50.1,49.95,50.1,0,10
4557,永新-KY,81100,8379923,104,105,102,102,-1.5,72
4560,強信-KY,81000,3090900,38.4,38.4,38,38.4,0,61
4562,穎漢,186100,2900984,15.8,15.85,15.45,15.6,-0.2,96
4564,元翎,173575,4184043,23.9,24.35,23.8,23.9,0.05,140
4566,時碩工業,2685112,154088512,56.8,58.2,56.1,57.7,1.3,1768
4571,鈞興-KY,13000,954600,73.9,73.9,73,73.5,0,11
4572,駐龍,326106,38075558,119,119,115,117,-1,299
4576,大銀微系統,235074,15830559,67.2,68.5,66.6,67.3,0.3,237
4581,光隆精密-KY,9016,291570,32.65,32.65,31.6,32.55,-0.3,9
4583,台灣精銳,4280,798590,185,188.5,185,185.5,-2.5,9
4720,德淵,336107,4790526,14.2,14.35,14.15,14.15,0,137
4722,國精化,86074,2871625,33.25,33.4,33.25,33.35,0.1,49
4737,華廣,58014,4638931,80,80.5,79.3,79.3,-1.1,61
4739,康普,4096745,408334969,98.4,100.5,98,100,2.4,3285
4746,台耀,1048243,61476067,59.1,59.7,57.7,57.7,-1.4,719
4755,三福化,561064,65786917,117,119,115.5,116,-0.5,492
4763,材料-KY,3555283,591608107,163.5,170.5,163,165,1,4173
4764,雙鍵,3194,157514,49.35,49.35,49.3,49.3,-0.45,3
4766,南寶,27370,3670317,134,134.5,133.5,133.5,-0.5,31
4770,上品,1144316,351843079,305.5,314,300,300,-5,1014
4807,日成-KY,2024,42680,21.05,21.1,21.05,21.1,-0.05,8
4904,遠傳,4971192,332069369,66.5,67.2,66.4,66.7,0.2,2875
4906,正文,1973839,55822775,28.55,28.7,28,28,-0.4,1119
4912,聯德控股-KY,81323,6609273,80.6,82.6,79.1,79.5,-1.1,103
4915,致伸,11079548,644285499,58.3,58.9,57.3,57.8,-0.4,6340
4916,事欣科,3562708,89794500,24.75,26.15,23.95,25.5,0.5,2343
4919,新唐,9880234,1201140735,124,124.5,120,120,-3.5,7472
4927,泰鼎-KY,2778375,160144535,58.5,58.6,56.5,57,-1.4,1771
4930,燦星網,75071,1984025,26.5,26.55,26.3,26.3,-0.25,81
4934,太極,609552,16365508,27.2,27.2,26.55,27.2,0.15,384
4935,茂林-KY,98264,6151695,63,63.2,62.1,62.1,-0.8,79
4938,和碩,3764409,226627443,60.2,60.5,59.7,60.2,0,2213
4942,嘉彰,104982,3807095,36.05,36.5,36.05,36.2,0.1,76
4943,康控-KY,915333,6110332,6.18,6.74,6.18,6.74,0.61,512
4952,凌通,354554,17503377,50,50.1,49,49.1,-0.55,301
4956,光鋐,194013,2799700,14.6,14.65,14.25,14.4,-0.25,108
4958,臻鼎-KY,1917371,225923646,119,119,117,117.5,-1.5,1240
4960,誠美材,967062,9626096,9.98,10.05,9.91,9.92,0,391
4961,天鈺,2580747,317369821,125.5,126,120.5,120.5,-4,2098
4967,十銓,150454,4524989,30.55,30.55,29.95,29.95,-0.4,272
4968,立積,12250827,1579160590,128.5,131.5,126,129.5,2,9427
4976,佳凌,321461,12596415,39.55,40,38.65,38.65,-0.75,273
4977,眾達-KY,5919207,541740075,95.7,96.1,88.9,90.3,-4.4,4810
4989,榮科,152650,3972634,26.1,26.55,25.55,25.7,-0.3,118
4994,傳奇,39509,1646256,42,42,41.3,41.7,0.05,99
4999,鑫禾,13744,503007,36.6,36.65,36.5,36.5,-0.2,34
5007,三星,41520,2162060,52.1,52.3,51.8,51.9,-0.2,44
5203,訊連,272386,23130606,84.5,85.7,84,84.9,1.6,224
5215,科嘉-KY,244858,12138240,49.9,50.4,49.1,49.1,-0.8,218
5222,全訊,394992,52440805,134.5,135,130.5,130.5,-3,358
5225,東科-KY,819126,30117324,37.1,37.5,36.15,36.15,-0.85,593
5234,達興材料,86190,5819464,67.4,68.2,67.4,67.4,-0.2,47
5243,乙盛-KY,808800,46945344,58.4,58.7,57.7,57.7,-0.6,626
5244,弘凱,52040,1227802,23.65,23.75,23.5,23.7,0,40
5258,虹堡,6355918,430800744,68.9,69.1,66.3,67,-1,4061
5269,祥碩,1198653,903435677,754,762,742,751,2,1464
5283,禾聯碩,24657,2530538,102.5,103,102.5,102.5,-0.5,37
5284,jpp-KY,641138,36512931,58,58,55.9,55.9,-2,673
5285,界霖,233790,15300374,65.3,66.3,64.8,64.9,-0.9,213
5288,豐祥-KY,64002,10763838,168,169.5,166.5,168,-1,48
5306,桂盟,128109,20073440,157.5,157.5,156,157,1,286
5388,中磊,16501505,1366797965,82.9,84.7,81.5,82.7,1.6,10265
5434,崇越,215553,35783391,168,168,164.5,164.5,-2.5,700
5469,瀚宇博,1928216,65906491,33.85,34.45,33.85,34.05,0.1,710
5471,松翰,384157,18776885,49.1,49.7,48.55,48.55,-0.5,442
5484,慧友,23151,319779,13.5,14,13.5,13.6,-0.3,19
5515,建國,86314,962370,11.15,11.15,11.1,11.15,0,50
5519,隆大,158659,3526210,22.2,22.25,22.2,22.25,0.05,109
5521,工信,195926,1259102,6.45,6.46,6.4,6.41,-0.03,232
5522,遠雄,445433,23550569,52.7,53.1,52.7,53,0.1,400
5525,順天,29000,697050,24.25,24.25,23.9,24.2,0,22
5531,鄉林,1030755,9874942,9.46,9.78,9.43,9.46,0.01,468
5533,皇鼎,49060,864453,17.7,17.7,17.55,17.55,-0.15,31
5534,長虹,129985,9341601,71.8,72,71.8,71.9,0.1,97
5538,東明-KY,26100,1087656,41.7,41.85,41.1,41.7,0,30
5546,永固-KY,28000,1366650,48.3,50.2,48.3,48.95,0.45,25
5607,遠雄港,893815,50046094,55.5,56.9,55.4,55.7,0,434
5608,四維航,21465776,534339419,24.3,25.4,24.15,24.8,0.85,9830
5706,鳳凰,324982,17109344,52.7,53.2,52.1,52.1,-0.2,297
5871,中租-KY,3297758,636752207,192,195.5,191,192.5,1,3439
5871A,中租-KY甲特,32009,3081356,96.2,96.3,96.2,96.3,0.1,19
5876,上海商銀,5794752,268241957,45.85,46.5,45.8,46.5,0.45,2216
5880,合庫金,15249849,400039725,26.3,26.35,26.05,26.3,0,4458
5906,台南-KY,6210,189251,30.5,30.9,30,30.9,-0.4,9
5907,大洋-KY,67000,894050,13.35,13.4,13.3,13.4,0,52
6005,群益證,1911574,21616560,11.2,11.4,11.15,11.35,0.1,682
6024,群益期,183565,6650605,36.2,36.3,36.2,36.2,-0.05,122
6108,競國,146036,2458756,17,17,16.5,16.9,0,75
6112,邁達特,27667,884707,32,32,31.95,32,0,36
6115,鎰勝,49889,2095098,42.05,42.1,41.8,41.95,-0.1,77
6116,彩晶,3906013,44926124,11.55,11.6,11.45,11.45,-0.05,1121
6117,迎廣,124797,1767457,14.45,14.45,14.05,14.15,-0.15,151
6120,達運,437237,4002715,9.18,9.28,9.08,9.1,-0.03,294
6128,上福,78454,2315981,29.7,29.7,29.35,29.5,-0.1,60
6133,金橋,10486403,282925396,27.2,27.7,26.2,26.2,-0.7,5022
6136,富爾特,60243,1088721,18,18.15,18,18.1,0,41
6139,亞翔,1079732,35299707,33,33.25,32.1,32.15,-0.65,697
6141,柏承,2000,38450,19.3,19.3,19.15,19.15,-0.05,2
6142,友勁,426850,4138555,9.65,9.75,9.65,9.65,0,210
6152,百一,1299106,14693120,11.5,11.6,11.1,11.1,-0.4,536
6153,嘉聯益,5680689,156004464,27.85,28,27.15,27.2,-0.45,2616
6155,鈞寶,78080,1745554,22.3,22.65,22.25,22.35,-0.15,54
6164,華興,4714572,50346878,9.97,10.9,9.97,10.9,0.95,1699
6165,浪凡,93011,2494543,27,27,26.75,26.8,-0.2,59
6166,凌華,112070,5871766,52.3,53,52,52,-0.3,72
6168,宏齊,739391,13537082,18.35,18.45,18.05,18.4,0.2,399
6176,瑞儀,1171794,120180893,103.5,104,102,102,-1.5,764
6177,達麗,348004,10012122,28.8,28.9,28.5,28.6,-0.05,179
6183,關貿,66717,4070814,62,62.1,60.1,60.5,-0.8,89
6184,大豐電,11014,528426,48,48.05,47.9,47.9,-0.1,8
6189,豐藝,93800,3551241,37.9,38,37.8,37.85,-0.1,120
6191,精成科,830044,24500536,29.4,29.8,29.4,29.4,0,457
6192,巨路,64233,4552954,71.1,71.2,70.7,70.8,-0.3,170
6196,帆宣,4713314,580672496,126,127.5,119.5,120,-1.5,3864
6197,佳必琪,56825,2198017,38.75,39.05,38.6,38.6,-0.2,69
6201,亞弘電,1087,43218,39.6,39.6,39.6,39.6,0,3
6202,盛群,1085037,76919441,72.4,72.5,70.2,70.3,-1.7,992
6205,詮欣,737817,56623334,78.1,78.1,76.4,76.6,-0.9,545
6206,飛捷,299493,20567989,68.5,69.1,68.1,68.1,-0.4,299
6209,今國光,391117,10438791,26.7,27,26.35,26.35,-0.45,207
6213,聯茂,3972756,302309454,77.2,77.8,75,75,-2.2,2719
6214,精誠,181537,12396130,67.6,68.5,67.6,68.4,0.4,194
6215,和椿,87298,1798035,20.75,20.75,20.45,20.5,-0.15,66
6216,居易,265062,6886460,25.9,26.4,25.7,25.75,-0.15,173
6224,聚鼎,90845,5108896,56,56.7,55.9,56.6,0.7,107
6226,光鼎,1522141,17004734,10.6,11.3,10.6,11.3,1,552
6230,尼得科超眾,519951,67189308,120,130.5,119,130.5,11.5,517
6235,華孚,8702563,313359897,35.9,36.55,35.55,35.7,0.05,4486
6239,力成,1379400,115179919,83.8,84.2,83.1,83.1,-1.2,2324
6243,迅杰,121085,3343788,27.75,27.9,27.2,27.45,-0.75,108
6257,矽格,808758,40465572,50.1,50.3,49.9,50,-0.1,575
6269,台郡,1878108,199768145,109,109,104.5,105.5,-3.5,1736
6271,同欣電,924007,182313919,196.5,199,195.5,196.5,0,1709
6277,宏正,14337,1107293,77.3,77.3,77.2,77.2,-0.3,23
6278,台表科,1117203,104782722,94.4,94.5,92.8,93,-1.3,1601
6281,全國電,22573,1842714,82,82,81.5,81.8,0.3,32
6282,康舒,7915562,238818104,30.05,30.4,29.85,29.85,-0.1,3585
6283,淳安,439814,15699991,36.2,36.4,35.05,35.05,-0.45,307
6285,啟碁,6554554,557270474,85.1,86.2,83.9,84,-1.5,4464
6288,聯嘉,619474,14275732,22.75,23.5,22.75,23,0.3,398
6405,悅城,7000,140400,20.1,20.2,19.95,20.2,0,7
6409,旭隼,200714,330744556,1650,1685,1625,1625,-20,210
6412,群電,86198,6195170,71.7,72,71.7,71.8,0,94
6414,樺漢,445704,91007183,206.5,207,201.5,201.5,-3.5,540
6415,矽力*-KY,1358731,666930160,495,499.5,484,485.5,-5.5,1214
6416,瑞祺電通,425677,42260827,100,101.5,98,98,-2,441
6426,統新,113045,6890667,61.3,62,60.3,60.6,-1,97
6431,光麗-KY,42002,885440,21.2,21.35,21,21.1,0.05,28
6438,迅得,179396,15612465,86.9,87.5,86.8,86.9,-0.1,151
6442,光聖,252099,11380839,45.1,45.65,44.8,44.8,-0.3,199
6443,元晶,6006238,194751037,32.65,32.8,32.1,32.15,-0.35,3446
6449,鈺邦,24014,986583,41.25,41.45,40.85,40.85,-0.4,34
6451,訊芯-KY,170119,13326681,79.3,79.3,77.9,78,-1.3,148
6456,GIS-KY,1863587,162986153,88.9,88.9,86.8,86.8,-1.4,1318
6464,台數科,32125,3148116,96.8,98.2,96.8,98.2,0.2,21
6477,安集,1685765,77783977,46.8,46.9,45.6,45.6,-0.8,1231
6491,晶碩,1120421,410736801,362,378,360,361,-6,1395
6504,南六,56495,4125888,73,73.4,72.6,73.3,0.4,73
6505,台塑化,5427107,466924743,85.1,86.9,85,86.9,1.5,3299
6515,穎崴,3211792,1350662364,394.5,427.5,392.5,426,37,2835
6525,捷敏-KY,117113,8306169,71.4,71.4,70.4,70.6,-0.6,153
6531,愛普*,9117026,1909268972,213,213.5,205,207.5,-6,8563
6533,晶心科,8277184,4560007328,581,582,529,538,-43,12773
6541,泰福-KY,1652781,58460600,36.5,36.6,34.15,34.5,-2.65,1261
6550,北極星藥業-KY,16007044,1710572694,111.5,112,103,103,-7.5,11235
6552,易華電,36066,1114274,31,31.5,30.8,30.85,-0.1,28
6558,興能高,920776,22304012,24.55,24.8,23.9,24.45,-0.05,578
6573,虹揚-KY,28000,378300,13.6,13.6,13.5,13.55,0.1,15
6579,研揚,128146,10700836,83,84.9,82.5,84.2,1.7,104
6581,鋼聯,247968,23492352,95,95.9,94,94.1,1.1,287
6582,申豐,888979,52658408,55.9,61.1,55.9,59.7,4.1,883
6585,鼎基,42000,2200100,53.1,53.1,51.7,51.7,-1.4,35
6591,動力-KY,61254,2539271,42,42,41.2,41.4,-0.2,68
6592,和潤企業,328189,32777171,100.5,101,99.3,99.3,-1.2,309
6592A,和潤企業甲特,19000,1772000,93.4,93.4,93.1,93.1,-0.3,14
6598,ABC-KY,129045,3490650,27.25,27.7,26.7,26.9,-0.8,119
6605,帝寶,438503,31964634,73.2,73.8,72.4,72.6,-0.8,282
6625,必應,14116,453022,32.2,32.2,32,32.1,-0.1,17
6641,基士德-KY,2000,104200,52,52.2,52,52.2,0.2,2
6655,科定,16325,2150577,131.5,133,130.5,130.5,-1,27
6666,羅麗芬-KY,193199,13428883,69.6,71.1,68.1,68.4,-1,214
6668,中揚光,556000,21291250,38.3,39.4,37.15,37.15,-0.6,429
6669,緯穎,957055,821595019,868,871,845,855,-10,932
6670,復盛應用,358908,74284493,206,209,205.5,205.5,0.5,383
6671,三能-KY,5000,190200,38.05,38.15,38,38.15,-0.25,5
6672,騰輝電子-KY,1397780,100054328,72,73.2,70.2,70.2,-1.9,1273
6674,鋐寶科技,2000,44400,22,22.4,22,22.4,-0.1,2
6689,伊雲谷,358181,29652460,84.5,85,81.4,81.7,-2.8,369
6691,洋基工程,97146,18647601,194,194,190.5,191.5,-1,565
6695,芯鼎,1257423,61743769,50.8,51,47.8,47.8,-2.5,1148
6698,旭暉應材,160207,4801978,29.2,30.45,29.2,29.7,0.7,133
6706,惠特,611483,54611488,91,91,88.6,88.6,-1.8,708
6715,嘉基,188210,24570290,132,133.5,129,129,-3.5,133
6719,力智,3790810,1042794030,272.5,280.5,270,270.5,0.5,3835
6743,安普新,455797,16156193,33.7,36.5,33.6,35.4,1.9,439
6754,匯僑設計,466339,25528475,56.2,57,52.7,53.4,-2,420
6756,威鋒電子,899552,189954743,211.5,214,208.5,208.5,-2,1398
6768,志強-KY,642390,50464606,79.5,79.8,77.7,78,-1,537
6770,力積電,13759670,455882115,33.25,33.45,32.85,32.9,-0.4,6057
6776,展碁國際,53670,2082544,39.15,39.15,38.65,38.75,-0.4,50
6781,AES-KY,3481275,2597290851,709,771,708,771,70,3368
6789,采鈺,1357862,293372812,218,218.5,213,216.5,-0.5,1385
6790,永豐實,81431,2909634,35.9,35.9,35.6,35.65,-0.2,87
6792,詠業,78226,5853690,74.7,75.2,74.2,74.2,-0.8,61
6796,晉弘,240542,19050851,80.8,80.8,77.6,77.6,-3.6,222
6799,來頡,453134,54047367,120,121.5,116.5,117.5,-3.5,1248
6806,森崴能源,626137,39784450,62.7,64.1,62.7,62.7,0,554
6807,峰源-KY,5000,127350,25.75,25.75,25.25,25.75,-0.05,5
6830,汎銓,65899,6026047,93,93.1,90.8,90.9,-2.2,678
6834,天二科技,39007,966622,24.7,24.95,24.7,24.8,-0.1,30
6835,圓裕,336118,13795501,40.75,41.65,40.5,40.8,0.1,202
6854,錼創科技-KY創,7029,667728,95,95,95,95,-1,9
8011,台通,193986,2744015,14.15,14.3,14.05,14.05,-0.1,204
8016,矽創,1014717,191963609,191,191.5,188,188.5,-3.5,1105
8021,尖點,162633,4760390,29.2,29.6,29.1,29.2,0,126
8028,昇陽半導體,1869915,102501951,55.5,55.5,54.1,54.1,-0.8,1318
8033,雷虎,12313651,492776441,41.1,41.75,38.5,38.5,-4.05,7620
8039,台虹,86484,3657694,42.65,42.65,42.15,42.3,-0.3,82
8046,南電,16116428,4414083472,271,278,270,271,1,12848
8070,長華*,310538,9903618,31.9,32.05,31.75,31.8,0.05,186
8072,陞泰,3193454,102534217,32.4,33.15,30.55,31,-1.2,2218
8081,致新,543568,78530080,146,146.5,143,143,-2.5,689
8101,華冠,85003,513130,6.05,6.05,6,6.02,-0.01,50
8103,瀚荃,166831,5461610,32.25,32.95,32.25,32.65,0.4,127
8104,錸寶,161770,5369217,33.4,33.4,33,33.05,-0.3,128
8105,凌巨,1913822,25486729,13.4,13.55,13.1,13.1,-0.2,722
8110,華東,438998,5524472,12.55,12.65,12.5,12.55,0.05,217
8112,至上,1077069,40055154,37.1,37.4,36.9,36.95,-0.15,713
8112A,至上甲特,6561,274655,41.75,42,41.75,42,0.25,10
8114,振樺電,866490,102917859,120,120.5,117,117,-2.5,778
8131,福懋科,148810,5854262,39.4,39.5,39.2,39.4,0,104
8150,南茂,2113991,71263675,33.65,34,33.5,33.5,-0.15,1260
8163,達方,449340,17632964,39.05,39.5,39.05,39.15,0.1,280
8201,無敵,36028,398753,11.1,11.1,11,11.05,-0.05,31
8210,勤誠,270884,19784832,73.6,73.6,72.5,72.6,-1.2,227
8213,志超,245575,8816092,35.85,36.2,35.7,35.95,-0.15,199
8215,明基材,1307652,41406451,32,32,31.4,31.4,-0.6,877
8222,寶一,43602026,1202704683,27.6,28.8,26,27.2,0.2,20773
8249,菱光,923618,25119450,28.05,28.05,26.65,26.8,-1.05,623
8261,富鼎,9533191,1063797332,111,113,110,110.5,0,6348
8271,宇瞻,121861,5102100,42.3,42.3,41.7,41.7,-0.4,98
8341,日友,197735,27547031,139.5,141,138,139,-1,549
8367,建新國際,13404,457457,34.1,34.15,34.1,34.15,-0.05,95
8374,羅昇,43154,1214123,28,28.45,28,28,-0.3,26
8404,百和興業-KY,146003,3896128,26.7,26.75,26.4,26.6,0,37
8411,福貞-KY,193189,2412317,12.55,12.55,12.45,12.5,-0.05,180
8422,可寧衛,103789,17849302,173,173,171.5,172,-1,259
8429,金麗-KY,41621,390264,9.39,9.39,9.34,9.34,-0.04,116
8438,昶昕,15512,397187,25.9,25.9,25.35,25.45,-0.1,27
8442,威宏-KY,208187,15942991,75,77.7,75,77,1.6,153
8443,阿瘦,92277,1020219,11.25,11.25,10.9,11.15,-0.05,131
8454,富邦媒,554514,330002314,597,600,588,597,8,1081
8462,柏文,471653,57175765,113.5,123,113.5,121,9,475
8463,潤泰材,121791,2507652,20.95,20.95,20.25,20.55,-0.05,59
8464,億豐,278902,77594404,280.5,282,276,277.5,-3,309
8466,美吉吉-KY,21000,860050,40.85,41.45,40.75,41,-0.5,17
8467,波力-KY,15050,856950,57,57.4,56.7,56.7,-0.3,25
8473,山林水,24099,647284,27,27,26.75,27,-0.2,40
8478,東哥遊艇,7700862,2429039599,308.5,322,304.5,320,11.5,8274
8480,泰昇-KY,25066,2120077,84.5,84.6,84.5,84.6,0,15
8481,政伸,4000,225600,56.5,56.5,56.3,56.5,0,4
8482,商億-KY,1000,70400,70.4,70.4,70.4,70.4,0,1
8488,吉源-KY,2475,36896,15.1,15.1,14.7,14.7,-0.4,5
8499,鼎炫-KY,11100,1135768,103.5,103.5,101,102,-1.5,21
8926,台汽電,1825322,61655247,34.15,34.5,33.45,33.5,-0.55,1372
8940,新天地,95792,1537786,16.3,16.3,16,16.05,0.05,86
8996,高力,29223047,4841998007,164,169.5,161,161.5,-1.5,18676
9103,美德醫療-DR,229078,1595993,6.93,7.02,6.93,6.96,0.06,56
910322,康師傅-DR,7047,169454,24.1,24.1,24,24,-0.5,12
9105,泰金寶-DR,2397580,9194727,3.88,3.88,3.82,3.82,-0.05,667
910861,神州-DR,56276,367818,6.54,6.59,6.53,6.59,0.02,22
9110,越南控-DR,,,,,,,0,
911608,明輝-DR,135000,337650,2.52,2.53,2.49,2.52,-0.01,19
911622,泰聚亨-DR,14000,70460,5.03,5.04,5.03,5.04,0.01,6
911868,同方友友-DR,118000,135780,1.16,1.16,1.15,1.16,0,20
912000,晨訊科-DR,734200,1806560,2.47,2.5,2.43,2.43,-0.04,110
9136,巨騰-DR,266000,1679880,6.31,6.37,6.27,6.28,0.01,72
9802,鈺齊-KY,920937,139442728,153,153.5,149,150,-2.5,722
9902,台火,2148934,27807890,13,13.2,12.65,12.75,-0.25,1189
9904,寶成,219217029,6928281880,31.7,31.95,31.6,31.7,0.1,2819
9905,大華,38528,944120,24.5,24.55,24.5,24.55,0.15,29
9906,欣巴巴,31000,1380000,44.55,44.8,44.35,44.55,-0.4,31
9907,統一實,2009385,34654437,17.2,17.35,17.15,17.2,0.05,800
9908,大台北,63430,1998637,31.65,31.65,31.35,31.45,-0.2,67
9910,豐泰,511912,94657447,184.5,187,182.5,185,0,1011
9911,櫻花,114244,7025288,61.5,61.8,61.3,61.3,-0.3,203
9912,偉聯,133368,1307889,9.94,9.98,9.7,9.8,-0.11,91
9914,美利達,461635,84614550,183.5,185,181.5,182.5,-0.5,451
9917,中保科,181198,18386970,103,103,100.5,100.5,-2.5,284
9918,欣天然,2351,100188,43,43,42.2,42.2,-0.5,8
9919,康那香,5425571,92801880,17.3,17.65,16.75,16.8,-0.4,1486
9921,巨大,427989,102820153,240.5,243,238.5,239.5,-2.5,1180
9924,福興,121429,5068695,41.5,41.9,41.5,41.6,-0.05,103
9925,新保,115834,4559068,39.25,39.45,39.25,39.3,0.05,93
9926,新海,1550,80589,52,52,52,52,0,16
9927,泰銘,183317,6789929,36.9,37.3,36.9,36.95,0.05,127
9928,中視,2173011,48976599,21.2,22.65,21.2,22.65,2.05,958
9929,秋雨,75161,639625,8.64,8.64,8.47,8.49,-0.15,30
9930,中聯資源,24456,1122098,45.95,46,45.8,45.8,-0.1,33
9931,欣高,2382,93175,39.1,39.2,39.1,39.2,0,9
9933,中鼎,1882931,76196675,40.25,40.65,40.25,40.4,0.2,1403
9934,成霖,480734,6564805,13.55,13.7,13.55,13.65,0.1,188
9935,慶豐富,85113,1470430,17.35,17.4,17.15,17.35,-0.1,71
9937,全國,33037,1673896,50.8,51.1,50.4,50.8,-0.7,29
9938,百和,755259,40356419,53.7,54,53.1,53.3,-0.3,489
9939,宏全,369019,30310978,82.3,82.7,81.8,81.8,-0.5,337
9940,信義,83073,2410663,29,29.1,28.9,29.05,-0.05,85
9941,裕融,691960,105871025,153,154.5,152,152.5,0,1067
9941A,裕融甲特,15249,753421,49.15,49.65,49.15,49.45,0.25,19
9942,茂順,516185,57200102,113.5,113.5,110,110,-2,397
9943,好樂迪,52700,3243935,61.5,61.9,61.2,61.7,0.2,103
9944,新麗,67297,1379399,20.5,20.55,20.45,20.45,-0.05,35
9945,潤泰新,5733742,261129374,45.6,46,45.2,45.35,0.15,3857
9946,三發地產,57209,676251,11.85,11.85,11.75,11.75,-0.1,35
9955,佳龍,269533,4927985,18.35,18.4,18.15,18.3,0.05,219
9958,世紀鋼,2361752,192935356,82.1,83.3,80.5,80.5,-2,1670